0.000 0.000
0.020 3.855
0.040 7.710
0.060 11.566
0.080 15.421
0.100 19.276
0.120 23.131
0.140 26.986
0.160 30.842
0.180 34.697
0.200 38.552
0.220 42.407
0.240 46.262
0.260 50.118
0.280 53.973
0.300 57.828
0.320 61.683
0.340 65.538
0.360 69.394
0.380 73.249
0.400 77.104
0.420 80.959
0.440 84.814
0.460 88.670
0.480 92.525
0.500 96.380
0.520 100.235
0.540 104.090
0.560 107.946
0.580 111.801
0.600 115.656
0.620 119.511
0.640 123.366
0.660 127.222
0.680 131.077
0.700 134.932
0.720 138.787
0.740 142.642
0.760 146.498
0.780 150.353
0.800 154.208
0.820 158.063
0.840 161.918
0.860 165.774
0.880 169.629
0.900 173.484
0.920 177.339
0.940 181.194
0.960 185.144
0.980 189.631
1.000 194.702
1.020 200.337
1.040 206.504
1.060 213.150
1.080 220.209
1.100 227.594
1.120 235.198
1.140 242.890
1.160 250.514
1.180 257.968
1.200 265.576
1.220 273.868
1.240 283.465
1.260 295.085
1.280 309.548
1.300 327.782
1.320 350.835
1.340 379.879
1.360 416.264
1.380 461.706
1.400 518.190
1.420 587.913
1.440 673.296
1.460 777.000
1.480 901.934
1.500 1051.276
1.520 1228.505
1.540 1437.532
1.560 1682.620
1.580 1968.385
1.600 2299.811
1.620 2682.269
1.640 3121.533
1.660 3623.612
1.680 4193.021
1.700 4833.988
1.720 5550.822
1.740 6347.983
1.760 7230.082
1.780 8201.832
1.800 9268.346
1.820 10434.877
1.840 11706.941
1.860 13090.251
1.880 14590.722
1.900 16214.553
1.920 17973.302
1.940 19894.278
1.960 22009.658
1.980 24354.354
2.000 26966.136