   2.0000000000000000E-003   36.987341537034538     
   4.0000000000000001E-003   73.972697763887680     
   6.0000000000000001E-003   110.95408380441081     
   8.0000000000000002E-003   147.92951565035455     
   1.0000000000000000E-002   184.89701059490247     
   1.2000000000000000E-002   221.85458766570650     
   1.4000000000000000E-002   258.80026805725748     
   1.6000000000000000E-002   295.73207556242556     
   1.7999999999999999E-002   332.64803700300581     
   2.0000000000000000E-002   369.54618265910403     
   2.1999999999999999E-002   406.42454669719780     
   2.4000000000000000E-002   443.28116759671173     
   2.5999999999999999E-002   480.11408857494121     
   2.8000000000000001E-002   516.92135801016536     
   2.9999999999999999E-002   553.70102986278664     
   3.2000000000000001E-002   590.45116409433717     
   3.4000000000000002E-002   627.16982708419368     
   3.5999999999999997E-002   663.85509204384232     
   3.7999999999999999E-002   700.50503942853697     
   4.0000000000000001E-002   737.11775734619528     
   4.2000000000000003E-002   773.69134196337939     
   4.3999999999999997E-002   810.22389790820648     
   4.5999999999999999E-002   846.71353867004143     
   4.8000000000000001E-002   883.15838699581786     
   5.0000000000000003E-002   919.55657528284303     
   5.1999999999999998E-002   955.90624596793907     
   5.3999999999999999E-002   992.20555191277492     
   5.6000000000000001E-002   1028.4526567852490     
   5.8000000000000003E-002   1064.6457354367788     
   5.9999999999999998E-002   1100.7829742753611     
   6.2000000000000000E-002   1136.8625716342663     
   6.4000000000000001E-002   1172.8827381362291     
   6.6000000000000003E-002   1208.8416970530086     
   6.8000000000000005E-002   1244.7376846601815     
   7.0000000000000007E-002   1280.5689505870457     
   7.1999999999999995E-002   1316.3337581615074     
   7.3999999999999996E-002   1352.0303847498267     
   7.5999999999999998E-002   1387.6571220911057     
   7.8000000000000000E-002   1423.2122766263944     
   8.0000000000000002E-002   1458.6941698223079     
   8.2000000000000003E-002   1494.1011384890344     
   8.4000000000000005E-002   1529.4315350926286     
   8.5999999999999993E-002   1564.6837280614816     
   8.7999999999999995E-002   1599.8561020868658     
   8.9999999999999997E-002   1634.9470584174467     
   9.1999999999999998E-002   1669.9550151476726     
   9.4000000000000000E-002   1704.8784074999378     
   9.6000000000000002E-002   1739.7156881004335     
   9.8000000000000004E-002   1774.4653272485932     
  0.10000000000000001        1809.1258131800464     
  0.10199999999999999        1843.6956523229999     
  0.10400000000000000        1878.1733695479634     
  0.10600000000000000        1912.5575084107477     
  0.10800000000000000        1946.8466313886522     
  0.11000000000000000        1981.0393201097859     
  0.11200000000000000        2015.1341755754406     
  0.11400000000000000        2049.1298183754634     
  0.11600000000000001        2083.0248888965598     
  0.11799999999999999        2116.8180475234794     
  0.12000000000000000        2150.5079748330249     
  0.12200000000000000        2184.0933717808330     
  0.12400000000000000        2217.5729598808884     
  0.12600000000000000        2250.9454813777197     
  0.12800000000000000        2284.2096994112471     
  0.13000000000000000        2317.3643981742307     
  0.13200000000000001        2350.4083830623085     
  0.13400000000000001        2383.3404808165765     
  0.13600000000000001        2416.1595396586949     
  0.13800000000000001        2448.8644294184983     
  0.14000000000000001        2481.4540416540895     
  0.14199999999999999        2513.9272897644041     
  0.14399999999999999        2546.2831090942359     
  0.14599999999999999        2578.5204570317146     
  0.14799999999999999        2610.6383130982313     
  0.14999999999999999        2642.6356790308132     
  0.15200000000000000        2674.5115788569542     
  0.15400000000000000        2706.2650589619043     
  0.15600000000000000        2737.8951881484245     
  0.15800000000000000        2769.4010576890382     
  0.16000000000000000        2800.7817813707757     
  0.16200000000000001        2832.0364955324467     
  0.16400000000000001        2863.1643590944677     
  0.16600000000000001        2894.1645535812609     
  0.16800000000000001        2925.0362831362668     
  0.17000000000000001        2955.7787745296064     
  0.17199999999999999        2986.3912771584223     
  0.17399999999999999        3016.8730630399523     
  0.17599999999999999        3047.2234267973763     
  0.17799999999999999        3077.4416856384832     
  0.17999999999999999        3107.5271793272186     
  0.18200000000000000        3137.4792701481579     
  0.18400000000000000        3167.2973428639762     
  0.18600000000000000        3196.9808046659668     
  0.18800000000000000        3226.5290851176824     
  0.19000000000000000        3255.9416360917626     
  0.19200000000000000        3285.2179317000182     
  0.19400000000000001        3314.3574682168592     
  0.19600000000000001        3343.3597639961240     
  0.19800000000000001        3372.2243593814164     
  0.20000000000000001        3400.9508166100095     
  0.20200000000000001        3429.5387197104233     
  0.20399999999999999        3457.9876743937511     
  0.20599999999999999        3486.2973079388435     
  0.20799999999999999        3514.4672690714237     
  0.20999999999999999        3542.4972278372584     
  0.21199999999999999        3570.3868754694608     
  0.21400000000000000        3598.1359242500439     
  0.21600000000000000        3625.7441073658301     
  0.21800000000000000        3653.2111787588119     
  0.22000000000000000        3680.5369129710962     
  0.22200000000000000        3707.7211049845205     
  0.22400000000000000        3734.7635700550836     
  0.22600000000000001        3761.6641435422794     
  0.22800000000000001        3788.4226807334808     
  0.23000000000000001        3815.0390566634774     
  0.23200000000000001        3841.5131659292970     
  0.23400000000000001        3867.8449225004397     
  0.23599999999999999        3894.0342595246457     
  0.23799999999999999        3920.0811291293344     
  0.23999999999999999        3945.9855022188390     
  0.24199999999999999        3971.7473682675709     
  0.24399999999999999        3997.3667351092554     
  0.24600000000000000        4022.8436287223626     
  0.24800000000000000        4048.1780930118844     
  0.25000000000000000        4073.3701895875829     
  0.25200000000000000        4098.4199975388628     
  0.25400000000000000        4123.3276132063993     
  0.25600000000000001        4148.0931499506696     
  0.25800000000000001        4172.7167379175271     
  0.26000000000000001        4197.1985238009738     
  0.26200000000000001        4221.5386706032514     
  0.26400000000000001        4245.7373573924297     
  0.26600000000000001        4269.7947790576090     
  0.26800000000000002        4293.7111460619117     
  0.27000000000000002        4317.4866841933745     
  0.27200000000000002        4341.1216343139376     
  0.27400000000000002        4364.6162521066281     
  0.27600000000000002        4387.9708078211297     
  0.27800000000000002        4411.1855860178584     
  0.28000000000000003        4434.2608853107113     
  0.28199999999999997        4457.1970181086235     
  0.28399999999999997        4479.9943103560954     
  0.28599999999999998        4502.6531012728310     
  0.28799999999999998        4525.1737430926350     
  0.28999999999999998        4547.5566008017240     
  0.29199999999999998        4569.8020518765943     
  0.29399999999999998        4591.9104860215957     
  0.29599999999999999        4613.8823049063531     
  0.29799999999999999        4635.7179219031914     
  0.29999999999999999        4657.4177618247031     
  0.30199999999999999        4678.9822606615990     
  0.30399999999999999        4700.4118653209962     
  0.30599999999999999        4721.7070333652791     
  0.30800000000000000        4742.8682327516699     
  0.31000000000000000        4763.8959415726613     
  0.31200000000000000        4784.7906477974429     
  0.31400000000000000        4805.5528490144543     
  0.31600000000000000        4826.1830521752163     
  0.31800000000000000        4846.6817733395492     
  0.32000000000000001        4867.0495374223474     
  0.32200000000000001        4887.2868779420041     
  0.32400000000000001        4907.3943367706397     
  0.32600000000000001        4927.3724638862559     
  0.32800000000000001        4947.2218171269387     
  0.33000000000000002        4966.9429619472321     
  0.33200000000000002        4986.5364711768170     
  0.33400000000000002        5006.0029247815992     
  0.33600000000000002        5025.3429096273258     
  0.33800000000000002        5044.5570192458617     
  0.34000000000000002        5063.6458536042228     
  0.34200000000000003        5082.6100188764731     
  0.34399999999999997        5101.4501272186126     
  0.34599999999999997        5120.1667965465458     
  0.34799999999999998        5138.7606503172310     
  0.34999999999999998        5157.2323173131335     
  0.35199999999999998        5175.5824314300389     
  0.35399999999999998        5193.8116314683784     
  0.35599999999999998        5211.9205609280889     
  0.35799999999999998        5229.9098678071650     
  0.35999999999999999        5247.7802044039327     
  0.36199999999999999        5265.5322271231671     
  0.36399999999999999        5283.1665962861061     
  0.36599999999999999        5300.6839759444565     
  0.36799999999999999        5318.0850336984504     
  0.37000000000000000        5335.3704405190365     
  0.37200000000000000        5352.5408705742566     
  0.37400000000000000        5369.5970010598867     
  0.37600000000000000        5386.5395120343919     
  0.37800000000000000        5403.3690862582534     
  0.38000000000000000        5420.0864090377263     
  0.38200000000000001        5436.6921680730729     
  0.38400000000000001        5453.1870533113151     
  0.38600000000000001        5469.5717568035579     
  0.38800000000000001        5485.8469725669138     
  0.39000000000000001        5502.0133964510633     
  0.39200000000000002        5518.0717260094953     
  0.39400000000000002        5534.0226603754400     
  0.39600000000000002        5549.8669001425233     
  0.39800000000000002        5565.6051472501777     
  0.40000000000000002        5581.2381048738007     
  0.40200000000000002        5596.7664773196957     
  0.40400000000000003        5612.1909699247926     
  0.40600000000000003        5627.5122889611639     
  0.40799999999999997        5642.7311415453232     
  0.40999999999999998        5657.8482355523238     
  0.41199999999999998        5672.8642795346323     
  0.41399999999999998        5687.7799826457858     
  0.41599999999999998        5702.5960545688013     
  0.41799999999999998        5717.3132054493353     
  0.41999999999999998        5731.9321458335680     
  0.42199999999999999        5746.4535866107835     
  0.42399999999999999        5760.8782389606185     
  0.42599999999999999        5775.2068143049646     
  0.42799999999999999        5789.4400242644515     
  0.42999999999999999        5803.5785806195145     
  0.43200000000000000        5817.6231952759699     
  0.43400000000000000        5831.5745802350730     
  0.43600000000000000        5845.4334475679943     
  0.43800000000000000        5859.2005093946646     
  0.44000000000000000        5872.8764778669438     
  0.44200000000000000        5886.4620651560226     
  0.44400000000000001        5899.9579834440274     
  0.44600000000000001        5913.3649449197328     
  0.44800000000000001        5926.6836617783292     
  0.45000000000000001        5939.9148462251505     
  0.45200000000000001        5953.0592104833149     
  0.45400000000000001        5966.1174668051544     
  0.45600000000000002        5979.0903274873954     
  0.45800000000000002        5991.9785048899557     
  0.46000000000000002        6004.7827114583088     
  0.46200000000000002        6017.5036597492935     
  0.46400000000000002        6030.1420624602770     
  0.46600000000000003        6042.6986324615855     
  0.46800000000000003        6055.1740828320771     
  0.46999999999999997        6067.5691268977680     
  0.47199999999999998        6079.8844782733968     
  0.47399999999999998        6092.1208509068110     
  0.47599999999999998        6104.2789591260780     
  0.47799999999999998        6116.3595176891786     
  0.47999999999999998        6128.3632418361922     
  0.48199999999999998        6140.2908473438174     
  0.48399999999999999        6152.1430505821527     
  0.48599999999999999        6163.9205685735587     
  0.48799999999999999        6175.6241190535056     
  0.48999999999999999        6187.2544205332770     
  0.49199999999999999        6198.8121923643703     
  0.49399999999999999        6210.2981548045000     
  0.49600000000000000        6221.7130290850228     
  0.49800000000000000        6233.0575374796854     
  0.50000000000000000        6244.3324033745403     
  0.50200000000000000        6255.5383513388742     
  0.50400000000000000        6266.6761071970368     
  0.50600000000000001        6277.7463981009987     
  0.50800000000000001        6288.7499526035135     
  0.51000000000000001        6299.6875007317267     
  0.51200000000000001        6310.5597740610847     
  0.51400000000000001        6321.3675057894043     
  0.51600000000000001        6332.1114308109491     
  0.51800000000000002        6342.7922857903504     
  0.52000000000000002        6353.4108092362603     
  0.52200000000000002        6363.9677415745355     
  0.52400000000000002        6374.4638252208397     
  0.52600000000000002        6384.8998046525094     
  0.52800000000000002        6395.2764264795005     
  0.53000000000000003        6405.5944395143106     
  0.53200000000000003        6415.8545948406945     
  0.53400000000000003        6426.0576458810228     
  0.53600000000000003        6436.2043484621527     
  0.53800000000000003        6446.2954608796417     
  0.54000000000000004        6456.3317439601715     
  0.54200000000000004        6466.3139611220040     
  0.54400000000000004        6476.2428784333670     
  0.54600000000000004        6486.1192646685668     
  0.54800000000000004        6495.9438913617523     
  0.55000000000000004        6505.7175328580934     
  0.55200000000000005        6515.4409663623283     
  0.55400000000000005        6525.1149719844625     
  0.55600000000000005        6534.7403327825141     
  0.55800000000000005        6544.3178348021584     
  0.56000000000000005        6553.8482671131560     
  0.56200000000000006        6563.3324218423586     
  0.56399999999999995        6572.7710942032636     
  0.56599999999999995        6582.1650825218967     
  0.56799999999999995        6591.5151882589407     
  0.56999999999999995        6600.8222160279729     
  0.57199999999999995        6610.0869736096720     
  0.57399999999999995        6619.3102719619110     
  0.57599999999999996        6628.4929252255542     
  0.57799999999999996        6637.6357507259281     
  0.57999999999999996        6646.7395689697578     
  0.58199999999999996        6655.8052036375475     
  0.58399999999999996        6664.8334815712196     
  0.58599999999999997        6673.8252327569826     
  0.58799999999999997        6682.7812903032518     
  0.58999999999999997        6691.7024904136069     
  0.59199999999999997        6700.5896723546166     
  0.59399999999999997        6709.4436784184963     
  0.59599999999999997        6718.2653538804798     
  0.59799999999999998        6727.0555469508581     
  0.59999999999999998        6735.8151087215492     
  0.60199999999999998        6744.5448931071978     
  0.60399999999999998        6753.2457567806878     
  0.60599999999999998        6761.9185591029964     
  0.60799999999999998        6770.5641620473752     
  0.60999999999999999        6779.1834301177569     
  0.61199999999999999        6787.7772302613575     
  0.61399999999999999        6796.3464317754124     
  0.61599999999999999        6804.8919062080495     
  0.61799999999999999        6813.4145272531705     
  0.62000000000000000        6821.9151706394196     
  0.62200000000000000        6830.3947140131249     
  0.62400000000000000        6838.8540368152153     
  0.62600000000000000        6847.2940201521469     
  0.62800000000000000        6855.7155466607310     
  0.63000000000000000        6864.1195003669409     
  0.63200000000000001        6872.5067665386423     
  0.63400000000000001        6880.8782315322896     
  0.63600000000000001        6889.2347826335808     
  0.63800000000000001        6897.5773078920702     
  0.64000000000000001        6905.9066959497786     
  0.64200000000000002        6914.2238358638406     
  0.64400000000000002        6922.5296169231751     
  0.64600000000000002        6930.8249284592794     
  0.64800000000000002        6939.1106596511054     
  0.65000000000000002        6947.3876993241693     
  0.65200000000000002        6955.6569357438702     
  0.65400000000000003        6963.9192564030845     
  0.65600000000000003        6972.1755478041714     
  0.65800000000000003        6980.4266952353546     
  0.66000000000000003        6988.6735825416636     
  0.66200000000000003        6996.9170918904438     
  0.66400000000000003        7005.1581035315676     
  0.66600000000000004        7013.3974955523845     
  0.66800000000000004        7021.6361436276111     
  0.67000000000000004        7029.8749207641731     
  0.67200000000000004        7038.1146970411501     
  0.67400000000000004        7046.3563393449595     
  0.67600000000000005        7054.6007110998489     
  0.67800000000000005        7062.8486719939192     
  0.68000000000000005        7071.1010777006832     
  0.68200000000000005        7079.3587795964713     
  0.68400000000000005        7087.6226244736372     
  0.68600000000000005        7095.8934542499092     
  0.68799999999999994        7104.1721056738716     
  0.68999999999999995        7112.4594100268851     
  0.69199999999999995        7120.7561928215264     
  0.69399999999999995        7129.0632734967694     
  0.69599999999999995        7137.3814651100065     
  0.69799999999999995        7145.7115740262716     
  0.69999999999999996        7154.0543996045999     
  0.70199999999999996        7162.4107338820140     
  0.70399999999999996        7170.7813612550372     
  0.70599999999999996        7179.1670581592234     
  0.70799999999999996        7187.5685927467011     
  0.70999999999999996        7195.9867245620089     
  0.71199999999999997        7204.4222042165684     
  0.71399999999999997        7212.8757730617917     
  0.71599999999999997        7221.3481628612508     
  0.71799999999999997        7229.8400954620101     
  0.71999999999999997        7238.3522824654792     
  0.72199999999999998        7246.8854248979451     
  0.72399999999999998        7255.4402128809725     
  0.72599999999999998        7264.0173253021430     
  0.72799999999999998        7272.6174294860994     
  0.72999999999999998        7281.2411808664056     
  0.73199999999999998        7289.8892226583048     
  0.73399999999999999        7298.5621855327736     
  0.73599999999999999        7307.2606872919669     
  0.73799999999999999        7315.9853325465574     
  0.73999999999999999        7324.7367123950380     
  0.74199999999999999        7333.5154041053638     
  0.74399999999999999        7342.3219707991866     
  0.74600000000000000        7351.1569611389205     
  0.74800000000000000        7360.0209090180733     
  0.75000000000000000        7368.9143332548965     
  0.75200000000000000        7377.8377372898130     
  0.75400000000000000        7386.7916088869142     
  0.75600000000000001        7395.7764198395789     
  0.75800000000000001        7404.7926256809469     
  0.76000000000000001        7413.8406653990151     
  0.76200000000000001        7422.9209611570896     
  0.76400000000000001        7432.0339180196179     
  0.76600000000000001        7441.1799236837251     
  0.76800000000000002        7450.3593482169836     
  0.77000000000000002        7459.5725438012669     
  0.77200000000000002        7468.8198444834716     
  0.77400000000000002        7478.1015659329832     
  0.77600000000000002        7487.4180052064685     
  0.77800000000000002        7496.7694405200946     
  0.78000000000000003        7506.1561310295310     
  0.78200000000000003        7515.5783166181482     
  0.78400000000000003        7525.0362176933804     
  0.78600000000000003        7534.5300349918552     
  0.78800000000000003        7544.0599493933769     
  0.79000000000000004        7553.6261217442652     
  0.79200000000000004        7563.2286926897777     
  0.79400000000000004        7572.8677825168115     
  0.79600000000000004        7582.5434910061222     
  0.79800000000000004        7592.2558972950319     
  0.80000000000000004        7602.0050597508471     
  0.80200000000000005        7611.7910158545974     
  0.80400000000000005        7621.6137820962767     
  0.80600000000000005        7631.4733538811197     
  0.80800000000000005        7641.3697054474978     
  0.81000000000000005        7651.3027897965312     
  0.81200000000000006        7661.2725386337906     
  0.81399999999999995        7671.2788623230263     
  0.81599999999999995        7681.3216498527081     
  0.81799999999999995        7691.4007688147840     
  0.81999999999999995        7701.5160653966723     
  0.82199999999999995        7711.6673643860831     
  0.82399999999999995        7721.8544691893339     
  0.82599999999999996        7732.0771618628814     
  0.82799999999999996        7742.3352031586019     
  0.82999999999999996        7752.6283325829863     
  0.83199999999999996        7762.9562684700950     
  0.83399999999999996        7773.3187080687330     
  0.83599999999999997        7783.7153276439631     
  0.83799999999999997        7794.1457825929929     
  0.83999999999999997        7804.6097075755088     
  0.84199999999999997        7815.1067166589610     
  0.84399999999999997        7825.6364034780763     
  0.84599999999999997        7836.1983414099886     
  0.84799999999999998        7846.7920837636757     
  0.84999999999999998        7857.4171639849628     
  0.85199999999999998        7868.0730958761933     
  0.85399999999999998        7878.7593738314654     
  0.85599999999999998        7889.4754730869481     
  0.85799999999999998        7900.2208499863846     
  0.85999999999999999        7910.9949422622385     
  0.86199999999999999        7921.7971693316495     
  0.86399999999999999        7932.6269326081783     
  0.86599999999999999        7943.4836158286635     
  0.86799999999999999        7954.3665853955554     
  0.87000000000000000        7965.2751907341262     
  0.87200000000000000        7976.2087646653472     
  0.87400000000000000        7987.1666237938016     
  0.87600000000000000        7998.1480689106202     
  0.87800000000000000        8009.1523854115967     
  0.88000000000000000        8020.1788437302221     
  0.88200000000000001        8031.2266997852903     
  0.88400000000000001        8042.2951954435266     
  0.88600000000000001        8053.3835589967493     
  0.88800000000000001        8064.4910056534545     
  0.89000000000000001        8075.6167380444112     
  0.89200000000000002        8086.7599467428890     
  0.89400000000000002        8097.9198107982065     
  0.89600000000000002        8109.0954982834519     
  0.89800000000000002        8120.2861668565210     
  0.90000000000000002        8131.4909643344663     
  0.90200000000000002        8142.7090292807652     
  0.90400000000000003        8153.9394916054116     
  0.90600000000000003        8165.1814731778895     
  0.90800000000000003        8176.4340884513158     
  0.91000000000000003        8187.6964451001249     
  0.91200000000000003        8198.9676446677367     
  0.91400000000000003        8210.2467832264647     
  0.91600000000000004        8221.5329520481482     
  0.91800000000000004        8232.8252382850915     
  0.92000000000000004        8244.1227256618240     
  0.92200000000000004        8255.4244951760247     
  0.92400000000000004        8266.7296258093120     
  0.92600000000000005        8278.0371952467685     
  0.92800000000000005        8289.3462806051466     
  0.93000000000000005        8300.6559591698133     
  0.93200000000000005        8311.9653091381933     
  0.93400000000000005        8323.2734103715502     
  0.93600000000000005        8334.5793451529516     
  0.93799999999999994        8345.8821989518365     
  0.93999999999999995        8357.1810611939291     
  0.94199999999999995        8368.4750260368892     
  0.94399999999999995        8379.7631931504475     
  0.94599999999999995        8391.0446685002607     
  0.94799999999999995        8402.3185651365584     
  0.94999999999999996        8413.5840039844334     
  0.95199999999999996        8424.8401146377382     
  0.95399999999999996        8436.0860361544983     
  0.95599999999999996        8447.3209178528541     
  0.95799999999999996        8458.5439201093795     
  0.95999999999999996        8469.7542151551934     
  0.96199999999999997        8480.9509878739591     
  0.96399999999999997        8492.1334365964103     
  0.96599999999999997        8503.3007738948963     
  0.96799999999999997        8514.4522273735402     
  0.96999999999999997        8525.5870404569760     
  0.97199999999999998        8536.7044731737515     
  0.97399999999999998        8547.8038029360796     
  0.97599999999999998        8558.8843253141422     
  0.97799999999999998        8569.9453548038855     
  0.97999999999999998        8580.9862255884891     
  0.98199999999999998        8592.0062922931957     
  0.98399999999999999        8603.0049307303634     
  0.98599999999999999        8613.9815386373903     
  0.98799999999999999        8624.9355364037528     
  0.98999999999999999        8635.8663677886834     
  0.99199999999999999        8646.7735006267885     
  0.99399999999999999        8657.6564275232395     
  0.99600000000000000        8668.5146665351640     
  0.99800000000000000        8679.3477618403322     
   1.0000000000000000        8690.1552843919817     
   1.0020000000000000        8700.9368325581963     
   1.0040000000000000        8711.6920327459193     
   1.0060000000000000        8722.4205400106166     
   1.0080000000000000        8733.1220386447621     
   1.0100000000000000        8743.7962427527764     
   1.0120000000000000        8754.4428968052453     
   1.0140000000000000        8765.0617761739813     
   1.0160000000000000        8775.6526876475764     
   1.0180000000000000        8786.2154699263046     
   1.0200000000000000        8796.7499940948874     
   1.0220000000000000        8807.2561640739896     
   1.0240000000000000        8817.7339170478917     
   1.0260000000000000        8828.1832238690040     
   1.0280000000000000        8838.6040894384296     
   1.0300000000000000        8848.9965530600930     
   1.0320000000000000        8859.3606887723708     
   1.0340000000000000        8869.6966056483489     
   1.0360000000000000        8880.0044480741108     
   1.0380000000000000        8890.2843959961720     
   1.0400000000000000        8900.5366651417880     
   1.0420000000000000        8910.7615072099361     
   1.0440000000000000        8920.9592100337140     
   1.0460000000000000        8931.1300977105602     
   1.0480000000000000        8941.2745307041841     
   1.0500000000000000        8951.3929059133334     
   1.0520000000000000        8961.4856567095685     
   1.0540000000000000        8971.5532529434331     
   1.0560000000000000        8981.5962009155282     
   1.0580000000000001        8991.6150433173843     
   1.0600000000000001        9001.6103591344399     
   1.0620000000000001        9011.5827635199621     
   1.0640000000000001        9021.5329076295893     
   1.0660000000000001        9031.4614784235091     
   1.0680000000000001        9041.3691984317848     
   1.0700000000000001        9051.2568254864673     
   1.0720000000000001        9061.1251524121690     
   1.0740000000000001        9070.9750066880588     
   1.0760000000000001        9080.8072500661001     
   1.0780000000000001        9090.6227781563648     
   1.0800000000000001        9100.4225199737666     
   1.0820000000000001        9110.2074374479962     
   1.0840000000000001        9119.9785248977660     
   1.0860000000000001        9129.7368084614227     
   1.0880000000000001        9139.4833455003372     
   1.0900000000000001        9149.2192239532051     
   1.0920000000000001        9158.9455616619980     
   1.0940000000000001        9168.6635056541363     
   1.0960000000000001        9178.3742313907824     
   1.0980000000000001        9188.0789419751472     
   1.1000000000000001        9197.7788673254199     
   1.1020000000000001        9207.4752633108219     
   1.1040000000000001        9217.1694108461270     
   1.1060000000000001        9226.8626149564116     
   1.1080000000000001        9236.5562038018888     
   1.1100000000000001        9246.2515276643135     
   1.1120000000000001        9255.9499579022049     
   1.1140000000000001        9265.6528858678121     
   1.1160000000000001        9275.3617217903757     
   1.1180000000000001        9285.0778936266452     
   1.1200000000000001        9294.8028458710887     
   1.1220000000000001        9304.5380383437077     
   1.1240000000000001        9314.2849449356236     
   1.1259999999999999        9324.0450523262443     
   1.1279999999999999        9333.8198586728304     
   1.1299999999999999        9343.6108722607987     
   1.1319999999999999        9353.4196101368107     
   1.1339999999999999        9363.2475967011615     
   1.1359999999999999        9373.0963622795934     
   1.1379999999999999        9382.9674416670459     
   1.1399999999999999        9392.8623726439182     
   1.1419999999999999        9402.7826944675126     
   1.1439999999999999        9412.7299463446288     
   1.1459999999999999        9422.7056658728652     
   1.1479999999999999        9432.7113874697352     
   1.1499999999999999        9442.7486407767210     
   1.1519999999999999        9452.8189490444765     
   1.1539999999999999        9462.9238274994696     
   1.1559999999999999        9473.0647817031368     
   1.1579999999999999        9483.2433058846709     
   1.1599999999999999        9493.4608812653660     
   1.1619999999999999        9503.7189743776889     
   1.1639999999999999        9514.0190353624366     
   1.1659999999999999        9524.3624962667363     
   1.1679999999999999        9534.7507693303851     
   1.1699999999999999        9545.1852452752992     
   1.1719999999999999        9555.6672915722156     
   1.1739999999999999        9566.1982507346765     
   1.1759999999999999        9576.7794385857924     
   1.1779999999999999        9587.4121425452449     
   1.1799999999999999        9598.0976199106135     
   1.1819999999999999        9608.8370961544642     
   1.1839999999999999        9619.6317632185019     
   1.1859999999999999        9630.4827778199906     
   1.1879999999999999        9641.3912597863782     
   1.1899999999999999        9652.3582903765200     
   1.1919999999999999        9663.3849106402395     
   1.1940000000000000        9674.4721197923172     
   1.1960000000000000        9685.6208735985947     
   1.1980000000000000        9696.8320827973694     
   1.2000000000000000        9708.1066115325793     
   1.2020000000000000        9719.4452758281623     
   1.2040000000000000        9730.8488420874564     
   1.2060000000000000        9742.3180256195938     
   1.2080000000000000        9753.8534892080188     
   1.2100000000000000        9765.4558417070730     
   1.2120000000000000        9777.1256367000351     
   1.2140000000000000        9788.8633711642142     
   1.2160000000000000        9800.6694842132893     
   1.2180000000000000        9812.5443558660572     
   1.2200000000000000        9824.4883058730647     
   1.2220000000000000        9836.5015925981479     
   1.2240000000000000        9848.5844119400208     
   1.2260000000000000        9860.7368963294502     
   1.2280000000000000        9872.9591137703537     
   1.2300000000000000        9885.2510669521926     
   1.2320000000000000        9897.6126924157888     
   1.2340000000000000        9910.0438598078108     
   1.2360000000000000        9922.5443711692151     
   1.2380000000000000        9935.1139603292449     
   1.2400000000000000        9947.7522923563556     
   1.2420000000000000        9960.4589630865084     
   1.2440000000000000        9973.2334987318154     
   1.2460000000000000        9986.0753555661540     
   1.2480000000000000        9998.9839197128804     
   1.2500000000000000        10011.958506975847     
   1.2520000000000000        10024.998362813460     
   1.2540000000000000        10038.102662363299     
   1.2560000000000000        10051.270510551087     
   1.2580000000000000        10064.500942352282     
   1.2600000000000000        10077.792923064977     
   1.2620000000000000        10091.145348762708     
   1.2640000000000000        10104.557046781167     
   1.2660000000000000        10118.026776354083     
   1.2680000000000000        10131.553229331867     
   1.2700000000000000        10145.135030985004     
   1.2720000000000000        10158.770740974051     
   1.2740000000000000        10172.458854349288     
   1.2760000000000000        10186.197802745532     
   1.2780000000000000        10199.985955586641     
   1.2800000000000000        10213.821621520328     
   1.2820000000000000        10227.703049856180     
   1.2840000000000000        10241.628432185196     
   1.2860000000000000        10255.595904104208     
   1.2880000000000000        10269.603547024146     
   1.2900000000000000        10283.649390147095     
   1.2920000000000000        10297.731412503397     
   1.2940000000000000        10311.847545148468     
   1.2960000000000000        10325.995673469306     
   1.2980000000000000        10340.173639593868     
   1.3000000000000000        10354.379244924206     
   1.3020000000000000        10368.610252794171     
   1.3040000000000000        10382.864391250614     
   1.3060000000000000        10397.139355919790     
   1.3080000000000001        10411.432813022750     
   1.3100000000000001        10425.742402507334     
   1.3120000000000001        10440.065741252849     
   1.3140000000000001        10454.400426443890     
   1.3160000000000001        10468.744039002424     
   1.3180000000000001        10483.094147180038     
   1.3200000000000001        10497.448310206642     
   1.3220000000000001        10511.804082100460     
   1.3240000000000001        10526.159015532330     
   1.3260000000000001        10540.510665825206     
   1.3280000000000001        10554.856595031752     
   1.3300000000000001        10569.194376112755     
   1.3320000000000001        10583.521597242014     
   1.3340000000000001        10597.835866120480     
   1.3360000000000001        10612.134814471419     
   1.3380000000000001        10626.416102556477     
   1.3400000000000001        10640.677423778734     
   1.3420000000000001        10654.916509391123     
   1.3440000000000001        10669.131133221121     
   1.3460000000000001        10683.319116533399     
   1.3480000000000001        10697.478332859710     
   1.3500000000000001        10711.606712983208     
   1.3520000000000001        10725.702249882712     
   1.3540000000000001        10739.763003780656     
   1.3560000000000001        10753.787107217762     
   1.3580000000000001        10767.772770114601     
   1.3600000000000001        10781.718284945860     
   1.3620000000000001        10795.622031829595     
   1.3640000000000001        10809.482483695927     
   1.3660000000000001        10823.298211451405     
   1.3680000000000001        10837.067889129752     
   1.3700000000000001        10850.790299007547     
   1.3720000000000001        10864.464336731036     
   1.3740000000000001        10878.089016431892     
   1.3759999999999999        10891.663475749352     
   1.3779999999999999        10905.186980844785     
   1.3799999999999999        10918.658931359092     
   1.3819999999999999        10932.078865316551     
   1.3839999999999999        10945.446463915170     
   1.3859999999999999        10958.761556277826     
   1.3879999999999999        10972.024124079127     
   1.3899999999999999        10985.234306074313     
   1.3919999999999999        10998.392402553036     
   1.3939999999999999        11011.498879594932     
   1.3959999999999999        11024.554373254445     
   1.3979999999999999        11037.559693583069     
   1.3999999999999999        11050.515828450749     
   1.4019999999999999        11063.423947274470     
   1.4039999999999999        11076.285404480675     
   1.4059999999999999        11089.101742855020     
   1.4079999999999999        11101.874696649818     
   1.4099999999999999        11114.606194427719     
   1.4119999999999999        11127.298361804345     
   1.4139999999999999        11139.953523809656     
   1.4159999999999999        11152.574207064563     
   1.4179999999999999        11165.163141718354     
   1.4199999999999999        11177.723263075690     
   1.4219999999999999        11190.257712881052     
   1.4239999999999999        11202.769840455454     
   1.4259999999999999        11215.263203318020     
   1.4279999999999999        11227.741567634981     
   1.4299999999999999        11240.208908301356     
   1.4319999999999999        11252.669408607024     
   1.4339999999999999        11265.127459596843     
   1.4359999999999999        11277.587659117535     
   1.4379999999999999        11290.054810283347     
   1.4399999999999999        11302.533919798696     
   1.4419999999999999        11315.030195680742     
   1.4440000000000000        11327.549044644813     
   1.4460000000000000        11340.096069061505     
   1.4480000000000000        11352.677063516072     
   1.4500000000000000        11365.298010809072     
   1.4520000000000000        11377.965077643634     
   1.4540000000000000        11390.684609680446     
   1.4560000000000000        11403.463126355489     
   1.4580000000000000        11416.307315006887     
   1.4600000000000000        11429.224024666019     
   1.4620000000000000        11442.220259227761     
   1.4640000000000000        11455.303170237241     
   1.4660000000000000        11468.480049237311     
   1.4680000000000000        11481.758319436181     
   1.4700000000000000        11495.145526919694     
   1.4720000000000000        11508.649331652428     
   1.4740000000000000        11522.277497484014     
   1.4760000000000000        11536.037882081702     
   1.4780000000000000        11549.938426145733     
   1.4800000000000000        11563.987142338159     
   1.4820000000000000        11578.192103413530     
   1.4840000000000000        11592.561430173901     
   1.4860000000000000        11607.103278878472     
   1.4880000000000000        11621.825828154293     
   1.4900000000000000        11636.737265386479     
   1.4920000000000000        11651.845772991759     
   1.4940000000000000        11667.159513959192     
   1.4960000000000000        11682.686617181434     
   1.4980000000000000        11698.435162375552     
   1.5000000000000000        11714.413164631422     
   1.5020000000000000        11730.628558838041     
   1.5040000000000000        11747.089183494660     
   1.5060000000000000        11763.802764637387     
   1.5080000000000000        11780.776899306948     
   1.5100000000000000        11798.019038852000     
   1.5120000000000000        11815.536472386881     
   1.5140000000000000        11833.336309710454     
   1.5160000000000000        11851.425464696325     
   1.5180000000000000        11869.810638174426     
   1.5200000000000000        11888.498301368865     
   1.5220000000000000        11907.494679163687     
   1.5240000000000000        11926.805733739422     
   1.5260000000000000        11946.437148378975     
   1.5280000000000000        11966.394311581211     
   1.5300000000000000        11986.682302000221     
   1.5320000000000000        12007.305873151021     
   1.5340000000000000        12028.269439437041     
   1.5360000000000000        12049.577062549146     
   1.5380000000000000        12071.232438662817     
   1.5400000000000000        12093.238886614539     
   1.5420000000000000        12115.599337150763     
   1.5440000000000000        12138.316323101573     
   1.5460000000000000        12161.391971074730     
   1.5480000000000000        12184.827994420244     
   1.5500000000000000        12208.625687796708     
   1.5520000000000000        12232.785923356767     
   1.5540000000000000        12257.309148898659     
   1.5560000000000000        12282.195387856784     
   1.5580000000000001        12307.444241636389     
   1.5600000000000001        12333.054894361534     
   1.5620000000000001        12359.026120049772     
   1.5640000000000001        12385.356292377061     
   1.5660000000000001        12412.043397990505     
   1.5680000000000001        12439.085052327679     
   1.5700000000000001        12466.478519412272     
   1.5720000000000001        12494.220735121307     
   1.5740000000000001        12522.308333999408     
   1.5760000000000001        12550.737680871965     
   1.5780000000000001        12579.504906720476     
   1.5800000000000001        12608.605949024937     
   1.5820000000000001        12638.036597280367     
   1.5840000000000001        12667.792544269836     
   1.5860000000000001        12697.869442584126     
   1.5880000000000001        12728.262967157114     
   1.5900000000000001        12758.968884594347     
   1.5920000000000001        12789.983128898351     
   1.5940000000000001        12821.301884512610     
   1.5960000000000001        12852.921677059136     
   1.5980000000000001        12884.839471701300     
   1.6000000000000001        12917.052780276532     
   1.6020000000000001        12949.559777182991     
   1.6040000000000001        12982.359424462653     
   1.6060000000000001        13015.451607351217     
   1.6080000000000001        13048.837279478317     
   1.6100000000000001        13082.518618947801     
   1.6120000000000001        13116.499196802341     
   1.6140000000000001        13150.784156422509     
   1.6160000000000001        13185.380406616216     
   1.6180000000000001        13220.296826696127     
   1.6200000000000001        13255.544486593848     
   1.6220000000000001        13291.136881422137     
   1.6240000000000001        13327.090180591256     
   1.6259999999999999        13363.423493334571     
   1.6279999999999999        13400.159151508449     
   1.6299999999999999        13437.323009063548     
   1.6319999999999999        13474.944760177814     
   1.6339999999999999        13513.058277019205     
   1.6359999999999999        13551.701966405572     
   1.6379999999999999        13590.919148871115     
   1.6399999999999999        13630.758458279552     
   1.6419999999999999        13671.274264848367     
   1.6439999999999999        13712.527122134274     
   1.6459999999999999        13754.584238443007     
   1.6479999999999999        13797.519974011977     
   1.6499999999999999        13841.416366167601     
   1.6519999999999999        13886.363681296680     
   1.6539999999999999        13932.460997322887     
   1.6559999999999999        13979.816814991953     
   1.6579999999999999        14028.549704159950     
   1.6599999999999999        14078.788978586923     
   1.6619999999999999        14130.675409870521     
   1.6639999999999999        14184.361973401516     
   1.6659999999999999        14240.014634325600     
   1.6679999999999999        14297.813170442127     
   1.6699999999999999        14357.952035754817     
   1.6719999999999999        14420.641267032490     
   1.6739999999999999        14486.107432139710     
   1.6759999999999999        14554.594624378471     
   1.6779999999999999        14626.365504184627     
   1.6799999999999999        14701.702388291933     
   1.6819999999999999        14780.908390648436     
   1.6839999999999999        14864.308614944706     
   1.6859999999999999        14952.251401554813     
   1.6879999999999999        15045.109632480549     
   1.6899999999999999        15143.282091810312     
   1.6919999999999999        15247.194889486205     
   1.6940000000000000        15357.302947739830     
   1.6960000000000000        15474.091550849202     
   1.6980000000000000        15598.077964531169     
   1.7000000000000000        15729.813124353364     
   1.7020000000000000        15869.883396232097     
   1.7040000000000000        16018.912414081266     
   1.7060000000000000        16177.562991999312     
   1.7080000000000000        16346.539119596953     
   1.7100000000000000        16526.588039969167     
   1.7120000000000000        16718.502412734280     
   1.7140000000000000        16923.122568163879     
   1.7160000000000000        17141.338852034307     
   1.7180000000000000        17374.094066584898     
   1.7200000000000000        17622.386010186623     
   1.7220000000000000        17887.270119302466     
   1.7240000000000000        18169.862214945686     
   1.7260000000000000        18471.341360462680     
   1.7280000000000000        18792.952828469475     
   1.7300000000000000        19136.011188510605     
   1.7320000000000000        19501.903510957622     
   1.7340000000000000        19892.092698797143     
   1.7360000000000000        20308.120945336559     
   1.7380000000000000        20751.613326569430     
   1.7400000000000000        21224.281526993749     
   1.7420000000000000        21727.927712250883     
   1.7440000000000000        22264.448542055099     
   1.7460000000000000        22835.839338584603     
   1.7480000000000000        23444.198405845989     
   1.7500000000000000        24091.731512972834     
   1.7520000000000000        24780.756542625481     
   1.7540000000000000        25513.708306662036     
   1.7560000000000000        26293.143542937025     
   1.7580000000000000        27121.746090054556     
   1.7600000000000000        28002.332250950782     
   1.7620000000000000        28937.856348483579     
   1.7640000000000000        29931.416481709381     
   1.7660000000000000        30986.260486161096     
   1.7680000000000000        32105.792105465229     
   1.7700000000000000        33293.577381252238     
   1.7720000000000000        34553.351268711616     
   1.7740000000000000        35889.024481699140     
   1.7760000000000000        37304.690576873632     
   1.7780000000000000        38804.633283315256     
   1.7800000000000000        40393.334087052150     
   1.7820000000000000        42075.480071673788     
   1.7840000000000000        43855.972030794590     
   1.7860000000000000        45739.932856628497     
   1.7880000000000000        47732.716210575702     
   1.7900000000000000        49839.915486747668     
   1.7920000000000000        52067.373079667566     
   1.7940000000000000        54421.189958231436     
   1.7960000000000000        56907.735560213529     
   1.7980000000000000        59533.658017228721     
   1.8000000000000000        62305.894712702160     
   1.8020000000000000        65231.683190612581     
   1.8040000000000000        68318.572421948149     
   1.8060000000000000        71574.434435923424     
   1.8080000000000001        75007.476331588681     
   1.8100000000000001        78626.252680422753     
   1.8120000000000001        82439.678320458363     
   1.8140000000000001        86457.041570500107     
   1.8160000000000001        90688.017863895264     
   1.8180000000000001        95142.683812891701     
   1.8200000000000001        99831.531726521964     
   1.8220000000000001        104765.48457981925     
   1.8240000000000001        109955.91145846061     
   1.8260000000000001        115414.64349417857     
   1.8280000000000001        121153.99028212506     
   1.8300000000000001        127186.75682750622     
   1.8320000000000001        133526.26100564984     
   1.8340000000000001        140186.35156707469     
   1.8360000000000001        147181.42669642059     
   1.8380000000000001        154526.45314287275     
   1.8400000000000001        162236.98592769474     
   1.8420000000000001        170329.18866545617     
   1.8440000000000001        178819.85448959787     
   1.8460000000000001        187726.42761824292     
   1.8480000000000001        197067.02556732338     
   1.8500000000000001        206860.46203377389     
   1.8520000000000001        217126.27046341408     
   1.8540000000000001        227884.72831506733     
   1.8560000000000001        239156.88205887086     
   1.8580000000000001        250964.57290472509     
   1.8600000000000001        263330.46329550218     
   1.8620000000000001        276278.06417881930     
   1.8640000000000001        289831.76307887916     
   1.8660000000000001        304016.85299174144     
   1.8680000000000001        318859.56211804907     
   1.8700000000000001        334387.08446228743     
   1.8720000000000001        350627.61131966306     
   1.8740000000000001        367610.36366885767     
   1.8759999999999999        385365.62549543183     
   1.8779999999999999        403924.77807818557     
   1.8799999999999999        423320.33524390339     
   1.8819999999999999        443585.97964327910     
   1.8839999999999999        464756.60003741417     
   1.8859999999999999        486868.32965582912     
   1.8879999999999999        509958.58563246310     
   1.8899999999999999        534066.10954511096     
   1.8919999999999999        559231.00910936773     
   1.8939999999999999        585494.80101403547     
   1.8959999999999999        612900.45497633284     
   1.8979999999999999        641492.43900468177     
   1.8999999999999999        671316.76592196675     
   1.9019999999999999        702421.04117403820     
   1.9039999999999999        734854.51196143264     
   1.9059999999999999        768668.11770798010     
   1.9079999999999999        803914.54192473087     
   1.9099999999999999        840648.26548052975     
   1.9119999999999999        878925.62133453111     
   1.9139999999999999        918804.85074273963     
   1.9159999999999999        960346.16099070187     
   1.9179999999999999        1003611.7846950493     
   1.9199999999999999        1048666.0406835768     
   1.9219999999999999        1095575.3965222558     
   1.9239999999999999        1144408.5327165050     
   1.9259999999999999        1195236.4086146089     
   1.9279999999999999        1248132.3300833448     
   1.9299999999999999        1303172.0189643034     
   1.9319999999999999        1360433.6843733503     
   1.9339999999999999        1419998.0958891988     
   1.9359999999999999        1481948.6586649900     
   1.9379999999999999        1546371.4905061100     
   1.9399999999999999        1613355.5009707282     
   1.9419999999999999        1682992.4725437600     
   1.9440000000000000        1755377.1439137391     
   1.9460000000000000        1830607.2954159547     
   1.9480000000000000        1908783.8366880275     
   1.9500000000000000        1990010.8966024853     
   1.9520000000000000        2074395.9154936585     
   1.9540000000000000        2162049.7397802803     
   1.9560000000000000        2253086.7189932819     
   1.9580000000000000        2347624.8052980923     
   1.9600000000000000        2445785.6555447867     
   1.9620000000000000        2547694.7359226132     
   1.9640000000000000        2653481.4292700146     
   1.9660000000000000        2763279.1450816058     
   1.9680000000000000        2877225.4323291238     
   1.9700000000000000        2995462.0950801689     
   1.9720000000000000        3118135.3110537003     
   1.9740000000000000        3245395.7531291153     
   1.9760000000000000        3377398.7138917325     
   1.9780000000000000        3514304.2332993681     
   1.9800000000000000        3656277.2294925307     
   1.9820000000000000        3803487.6328862202     
   1.9840000000000000        3956110.5235473407     
   1.9860000000000000        4114326.2719825581     
   1.9880000000000000        4278320.6833882490     
   1.9900000000000000        4448285.1454393044     
   1.9920000000000000        4624416.7797014499     
   1.9940000000000000        4806918.5967488326     
   1.9960000000000000        4995999.6550567299     
   1.9980000000000000        5191875.2237663241     
   2.0000000000000000        5394766.9493988873     
