   1.0000000000000000E-004   16071428.571428560     
   2.0000000000000001E-004   32142857.142857119     
   3.0000000000000003E-004   48214285.714285679     
   4.0000000000000002E-004   64285714.285714239     
   5.0000000000000001E-004   80357142.857142806     
   6.0000000000000006E-004   96428571.428571358     
   7.0000000000000010E-004   112499999.99999994     
   8.0000000000000004E-004   128571428.57142848     
   8.9999999999999998E-004   144642857.14285704     
   1.0000000000000000E-003   160714285.71428561     
   1.1000000000000001E-003   176785714.28571415     
   1.2000000000000001E-003   192857142.85714272     
   1.2999999999999999E-003   208928571.42857128     
   1.4000000000000002E-003   224999999.99999988     
   1.5000000000000000E-003   241071428.57142839     
   1.6000000000000001E-003   257142857.14285696     
   1.7000000000000001E-003   273214285.71428549     
   1.8000000000000000E-003   289285714.28571409     
   1.9000000000000002E-003   305357142.85714263     
   2.0000000000000000E-003   321428571.42857122     
   2.1000000000000003E-003   337499999.99999982     
   2.2000000000000001E-003   353571428.57142830     
   2.3000000000000004E-003   369642857.14285696     
   2.4000000000000002E-003   385714285.71428543     
   2.5000000000000001E-003   401785714.28571397     
   2.5999999999999999E-003   417857142.85714257     
   2.7000000000000001E-003   433928571.42857111     
   2.8000000000000004E-003   449999999.99999976     
   2.9000000000000002E-003   466071428.57142830     
   3.0000000000000001E-003   482142857.14285678     
   3.0999999999999999E-003   498214285.71428531     
   3.2000000000000002E-003   514285714.28571391     
   3.3000000000000004E-003   530357142.85714251     
   3.4000000000000002E-003   546428571.42857099     
   3.5000000000000001E-003   562499999.99999952     
   3.5999999999999999E-003   578571428.57142818     
   3.7000000000000002E-003   594642857.14285672     
   3.8000000000000004E-003   610714285.71428525     
   3.9000000000000003E-003   626785714.28571391     
   4.0000000000000001E-003   642857142.85714245     
   4.1000000000000003E-003   658928571.42857099     
   4.2000000000000006E-003   674999999.99999964     
   4.3000000000000000E-003   691071428.57142806     
   4.4000000000000003E-003   707142857.14285660     
   4.4999999999999997E-003   723214285.71428514     
   4.6000000000000008E-003   739285714.28571391     
   4.7000000000000002E-003   755357142.85714233     
   4.8000000000000004E-003   771428571.42857087     
   4.9000000000000007E-003   787499999.99999952     
   5.0000000000000001E-003   803571428.57142794     
   5.1000000000000004E-003   819642857.14285660     
   5.1999999999999998E-003   835714285.71428514     
   5.3000000000000009E-003   851785714.28571379     
   5.4000000000000003E-003   867857142.85714221     
   5.4999999999999997E-003   883928571.42857075     
   5.6000000000000008E-003   899999999.99999952     
   5.7000000000000002E-003   916071428.57142782     
   5.8000000000000005E-003   932142857.14285660     
   5.9000000000000007E-003   948214285.71428514     
   6.0000000000000001E-003   964285714.28571355     
   6.1000000000000004E-003   980357142.85714221     
   6.1999999999999998E-003   996428571.42857063     
   6.3000000000000009E-003   1012499999.9999993     
   6.4000000000000003E-003   1028571428.5714278     
   6.4999999999999997E-003   1044642857.1428562     
   6.6000000000000008E-003   1060714285.7142850     
   6.7000000000000002E-003   1076785714.2857134     
   6.8000000000000005E-003   1092857142.8571420     
   6.9000000000000008E-003   1108928571.4285707     
   7.0000000000000001E-003   1124999999.9999990     
   7.1000000000000004E-003   1141071428.5714278     
   7.1999999999999998E-003   1157142857.1428564     
   7.3000000000000009E-003   1173214285.7142849     
   7.4000000000000003E-003   1189285714.2857134     
   7.4999999999999997E-003   1205357142.8571420     
   7.6000000000000009E-003   1221428571.4285705     
   7.7000000000000002E-003   1237499999.9999990     
   7.8000000000000005E-003   1253571428.5714278     
   7.9000000000000008E-003   1269642857.1428564     
   8.0000000000000002E-003   1285714285.7142849     
   8.0999999999999996E-003   1301785714.2857132     
   8.2000000000000007E-003   1317857142.8571420     
   8.3000000000000001E-003   1333928571.4285705     
   8.4000000000000012E-003   1349999999.9999993     
   8.5000000000000006E-003   1366071428.5714276     
   8.6000000000000000E-003   1382142857.1428561     
   8.7000000000000011E-003   1398214285.7142849     
   8.8000000000000005E-003   1414285714.2857132     
   8.8999999999999999E-003   1430357142.8571417     
   8.9999999999999993E-003   1446428571.4285703     
   9.1000000000000004E-003   1462499999.9999990     
   9.2000000000000016E-003   1478571428.5714278     
   9.3000000000000010E-003   1494642857.1428561     
   9.4000000000000004E-003   1510714285.7142847     
   9.4999999999999998E-003   1526785714.2857130     
   9.6000000000000009E-003   1542857142.8571417     
   9.7000000000000003E-003   1558928571.4285703     
   9.8000000000000014E-003   1574999999.9999990     
   9.9000000000000008E-003   1591071428.5714273     
   1.0000000000000000E-002   1607142857.1428559     
   1.0100000000000001E-002   1623214285.7142849     
   1.0200000000000001E-002   1639285714.2857132     
   1.0300000000000000E-002   1655357142.8571415     
   1.0400000000000000E-002   1671428571.4285703     
   1.0500000000000001E-002   1687499999.9999990     
   1.0600000000000002E-002   1703571428.5714276     
   1.0700000000000001E-002   1719642857.1428561     
   1.0800000000000001E-002   1735714285.7142844     
   1.0900000000000000E-002   1751785714.2857130     
   1.0999999999999999E-002   1767857142.8571415     
   1.1100000000000002E-002   1783928571.4285705     
   1.1200000000000002E-002   1799999999.9999990     
   1.1300000000000001E-002   1816071428.5714273     
   1.1400000000000000E-002   1832142857.1428556     
   1.1500000000000000E-002   1848214285.7142844     
   1.1600000000000001E-002   1864285714.2857132     
   1.1700000000000000E-002   1880357142.8571415     
   1.1800000000000001E-002   1896428571.4285703     
   1.1900000000000001E-002   1912499999.9999986     
   1.2000000000000000E-002   1928571428.5714271     
   1.2100000000000001E-002   1944642857.1428559     
   1.2200000000000001E-002   1960714285.7142844     
   1.2300000000000000E-002   1976785714.2857127     
   1.2400000000000000E-002   1992857142.8571413     
   1.2500000000000001E-002   2008928571.4285700     
   1.2600000000000002E-002   2024999999.9999986     
   1.2700000000000001E-002   2041071428.5714273     
   1.2800000000000001E-002   2057142857.1428556     
   1.2900000000000000E-002   2073214285.7142839     
   1.2999999999999999E-002   2089285714.2857125     
   1.3100000000000002E-002   2105357142.8571415     
   1.3200000000000002E-002   2121428571.4285700     
   1.3300000000000001E-002   2137499999.9999986     
   1.3400000000000000E-002   2153571428.5714269     
   1.3500000000000000E-002   2169642857.1428556     
   1.3600000000000001E-002   2185714285.7142839     
   1.3700000000000000E-002   2201785714.2857127     
   1.3800000000000002E-002   2217857142.8571415     
   1.3900000000000001E-002   2233928571.4285698     
   1.4000000000000000E-002   2249999999.9999981     
   1.4100000000000001E-002   2266071428.5714269     
   1.4200000000000001E-002   2282142857.1428556     
   1.4300000000000000E-002   2298214285.7142839     
   1.4400000000000000E-002   2314285714.2857127     
   1.4500000000000001E-002   2330357142.8571410     
   1.4600000000000002E-002   2346428571.4285698     
   1.4700000000000001E-002   2362499999.9999981     
   1.4800000000000001E-002   2378571428.5714269     
   1.4900000000000000E-002   2394642857.1428556     
   1.4999999999999999E-002   2410714285.7142839     
   1.5100000000000001E-002   2426785714.2857127     
   1.5200000000000002E-002   2442857142.8571410     
   1.5300000000000001E-002   2458928571.4285698     
   1.5400000000000000E-002   2474999999.9999981     
   1.5500000000000000E-002   2491071428.5714269     
   1.5600000000000001E-002   2507142857.1428556     
   1.5700000000000002E-002   2523214285.7142839     
   1.5800000000000002E-002   2539285714.2857127     
   1.5900000000000001E-002   2555357142.8571410     
   1.6000000000000000E-002   2571428571.4285698     
   1.6100000000000000E-002   2587499999.9999981     
   1.6199999999999999E-002   2603571428.5714264     
   1.6300000000000002E-002   2619642857.1428556     
   1.6400000000000001E-002   2635714285.7142839     
   1.6500000000000001E-002   2651785714.2857122     
   1.6600000000000000E-002   2667857142.8571410     
   1.6700000000000000E-002   2683928571.4285693     
   1.6800000000000002E-002   2699999999.9999986     
   1.6900000000000002E-002   2716071428.5714269     
   1.7000000000000001E-002   2732142857.1428552     
   1.7100000000000001E-002   2748214285.7142839     
   1.7200000000000000E-002   2764285714.2857122     
   1.7299999999999999E-002   2780357142.8571405     
   1.7400000000000002E-002   2796428571.4285698     
   1.7500000000000002E-002   2812499999.9999981     
   1.7600000000000001E-002   2828571428.5714264     
   1.7700000000000000E-002   2844642857.1428552     
   1.7800000000000000E-002   2860714285.7142835     
   1.7900000000000003E-002   2876785714.2857127     
   1.7999999999999999E-002   2892857142.8571405     
   1.8100000000000002E-002   2908928571.4285693     
   1.8200000000000001E-002   2924999999.9999981     
   1.8300000000000000E-002   2941071428.5714264     
   1.8400000000000003E-002   2957142857.1428556     
   1.8499999999999999E-002   2973214285.7142830     
   1.8600000000000002E-002   2989285714.2857122     
   1.8699999999999998E-002   3005357142.8571405     
   1.8800000000000001E-002   3021428571.4285693     
   1.8900000000000004E-002   3037499999.9999981     
   1.9000000000000000E-002   3053571428.5714259     
   1.9100000000000002E-002   3069642857.1428552     
   1.9200000000000002E-002   3085714285.7142835     
   1.9300000000000001E-002   3101785714.2857122     
   1.9400000000000001E-002   3117857142.8571405     
   1.9500000000000000E-002   3133928571.4285688     
   1.9600000000000003E-002   3149999999.9999981     
   1.9700000000000002E-002   3166071428.5714264     
   1.9800000000000002E-002   3182142857.1428547     
   1.9900000000000001E-002   3198214285.7142835     
   2.0000000000000000E-002   3214285714.2857118     
   2.0100000000000000E-002   3230357142.8571405     
   2.0200000000000003E-002   3246428571.4285698     
   2.0300000000000002E-002   3262499999.9999981     
   2.0400000000000001E-002   3278571428.5714264     
   2.0500000000000001E-002   3294642857.1428547     
   2.0600000000000000E-002   3310714285.7142830     
   2.0700000000000003E-002   3326785714.2857122     
   2.0799999999999999E-002   3342857142.8571405     
   2.0900000000000002E-002   3358928571.4285688     
   2.1000000000000001E-002   3374999999.9999981     
   2.1100000000000001E-002   3391071428.5714259     
   2.1200000000000004E-002   3407142857.1428552     
   2.1299999999999999E-002   3423214285.7142830     
   2.1400000000000002E-002   3439285714.2857122     
   2.1499999999999998E-002   3455357142.8571401     
   2.1600000000000001E-002   3471428571.4285688     
   2.1700000000000004E-002   3487499999.9999981     
   2.1800000000000000E-002   3503571428.5714259     
   2.1900000000000003E-002   3519642857.1428547     
   2.1999999999999999E-002   3535714285.7142830     
   2.2100000000000002E-002   3551785714.2857118     
   2.2200000000000004E-002   3567857142.8571410     
   2.2300000000000000E-002   3583928571.4285688     
   2.2400000000000003E-002   3599999999.9999981     
   2.2499999999999999E-002   3616071428.5714259     
   2.2600000000000002E-002   3632142857.1428547     
   2.2700000000000001E-002   3648214285.7142830     
   2.2800000000000001E-002   3664285714.2857113     
   2.2900000000000004E-002   3680357142.8571405     
   2.3000000000000000E-002   3696428571.4285688     
   2.3100000000000002E-002   3712499999.9999971     
   2.3200000000000002E-002   3728571428.5714264     
   2.3300000000000001E-002   3744642857.1428542     
   2.3400000000000001E-002   3760714285.7142830     
   2.3500000000000000E-002   3776785714.2857113     
   2.3600000000000003E-002   3792857142.8571405     
   2.3700000000000002E-002   3808928571.4285688     
   2.3800000000000002E-002   3824999999.9999971     
   2.3900000000000001E-002   3841071428.5714259     
   2.4000000000000000E-002   3857142857.1428542     
   2.4100000000000000E-002   3873214285.7142830     
   2.4200000000000003E-002   3889285714.2857118     
   2.4300000000000002E-002   3905357142.8571405     
   2.4400000000000002E-002   3921428571.4285688     
   2.4500000000000001E-002   3937499999.9999971     
   2.4600000000000000E-002   3953571428.5714254     
   2.4700000000000003E-002   3969642857.1428547     
   2.4799999999999999E-002   3985714285.7142825     
   2.4900000000000002E-002   4001785714.2857118     
   2.5000000000000001E-002   4017857142.8571401     
   2.5100000000000001E-002   4033928571.4285688     
   2.5200000000000004E-002   4049999999.9999971     
   2.5300000000000000E-002   4066071428.5714254     
   2.5400000000000002E-002   4082142857.1428547     
   2.5499999999999998E-002   4098214285.7142820     
   2.5600000000000001E-002   4114285714.2857113     
   2.5700000000000004E-002   4130357142.8571405     
   2.5800000000000000E-002   4146428571.4285679     
   2.5900000000000003E-002   4162499999.9999971     
   2.5999999999999999E-002   4178571428.5714250     
   2.6100000000000002E-002   4194642857.1428547     
   2.6200000000000005E-002   4210714285.7142830     
   2.6300000000000000E-002   4226785714.2857113     
   2.6400000000000003E-002   4242857142.8571401     
   2.6499999999999999E-002   4258928571.4285679     
   2.6600000000000002E-002   4274999999.9999971     
   2.6700000000000002E-002   4291071428.5714254     
   2.6800000000000001E-002   4307142857.1428537     
   2.6900000000000004E-002   4323214285.7142830     
   2.7000000000000000E-002   4339285714.2857113     
   2.7100000000000003E-002   4355357142.8571396     
   2.7200000000000002E-002   4371428571.4285679     
   2.7300000000000001E-002   4387499999.9999971     
   2.7400000000000001E-002   4403571428.5714254     
   2.7500000000000000E-002   4419642857.1428537     
   2.7600000000000003E-002   4435714285.7142830     
   2.7700000000000002E-002   4451785714.2857113     
   2.7800000000000002E-002   4467857142.8571396     
   2.7900000000000001E-002   4483928571.4285679     
   2.8000000000000001E-002   4499999999.9999962     
   2.8100000000000000E-002   4516071428.5714254     
   2.8200000000000003E-002   4532142857.1428537     
   2.8300000000000002E-002   4548214285.7142830     
   2.8400000000000002E-002   4564285714.2857113     
   2.8500000000000001E-002   4580357142.8571396     
   2.8600000000000000E-002   4596428571.4285679     
   2.8700000000000003E-002   4612499999.9999971     
   2.8799999999999999E-002   4628571428.5714254     
   2.8900000000000002E-002   4644642857.1428537     
   2.9000000000000001E-002   4660714285.7142820     
   2.9100000000000001E-002   4676785714.2857113     
   2.9200000000000004E-002   4692857142.8571396     
   2.9300000000000000E-002   4708928571.4285679     
   2.9400000000000003E-002   4724999999.9999962     
   2.9499999999999998E-002   4741071428.5714245     
   2.9600000000000001E-002   4757142857.1428537     
   2.9700000000000004E-002   4773214285.7142830     
   2.9800000000000000E-002   4789285714.2857113     
   2.9900000000000003E-002   4805357142.8571396     
   2.9999999999999999E-002   4821428571.4285679     
   3.0100000000000002E-002   4837499999.9999962     
   3.0200000000000001E-002   4853571428.5714254     
   3.0300000000000001E-002   4869642857.1428537     
   3.0400000000000003E-002   4885714285.7142820     
   3.0499999999999999E-002   4901785714.2857103     
   3.0600000000000002E-002   4917857142.8571396     
   3.0700000000000002E-002   4933928571.4285679     
   3.0800000000000001E-002   4949999999.9999962     
   3.0900000000000004E-002   4966071428.5714254     
   3.1000000000000000E-002   4982142857.1428537     
   3.1100000000000003E-002   4998214285.7142820     
   3.1200000000000002E-002   5014285714.2857113     
   3.1300000000000001E-002   5030357142.8571396     
   3.1400000000000004E-002   5046428571.4285679     
   3.1500000000000000E-002   5062499999.9999962     
   3.1600000000000003E-002   5078571428.5714254     
   3.1700000000000006E-002   5094642857.1428547     
   3.1800000000000002E-002   5110714285.7142820     
   3.1900000000000005E-002   5126785714.2857113     
   3.2000000000000001E-002   5142857142.8571396     
   3.2100000000000004E-002   5158928571.4285679     
   3.2199999999999999E-002   5174999999.9999962     
   3.2300000000000002E-002   5191071428.5714245     
   3.2399999999999998E-002   5207142857.1428528     
   3.2500000000000001E-002   5223214285.7142820     
   3.2600000000000004E-002   5239285714.2857113     
   3.2700000000000000E-002   5255357142.8571386     
   3.2800000000000003E-002   5271428571.4285679     
   3.2899999999999999E-002   5287499999.9999952     
   3.3000000000000002E-002   5303571428.5714245     
   3.3100000000000004E-002   5319642857.1428537     
   3.3200000000000000E-002   5335714285.7142820     
   3.3300000000000003E-002   5351785714.2857103     
   3.3399999999999999E-002   5367857142.8571386     
   3.3500000000000002E-002   5383928571.4285679     
   3.3600000000000005E-002   5399999999.9999971     
   3.3700000000000001E-002   5416071428.5714245     
   3.3800000000000004E-002   5432142857.1428537     
   3.3900000000000000E-002   5448214285.7142820     
   3.4000000000000002E-002   5464285714.2857103     
   3.4099999999999998E-002   5480357142.8571386     
   3.4200000000000001E-002   5496428571.4285679     
   3.4300000000000004E-002   5512499999.9999962     
   3.4400000000000000E-002   5528571428.5714245     
   3.4500000000000003E-002   5544642857.1428528     
   3.4599999999999999E-002   5560714285.7142811     
   3.4700000000000002E-002   5576785714.2857103     
   3.4800000000000005E-002   5592857142.8571396     
   3.4900000000000000E-002   5608928571.4285679     
   3.5000000000000003E-002   5624999999.9999962     
   3.5099999999999999E-002   5641071428.5714245     
   3.5200000000000002E-002   5657142857.1428528     
   3.5300000000000005E-002   5673214285.7142820     
   3.5400000000000001E-002   5689285714.2857103     
   3.5499999999999997E-002   5705357142.8571377     
   3.5600000000000000E-002   5721428571.4285669     
   3.5700000000000003E-002   5737499999.9999962     
   3.5800000000000005E-002   5753571428.5714254     
   3.5900000000000001E-002   5769642857.1428528     
   3.5999999999999997E-002   5785714285.7142811     
   3.6100000000000000E-002   5801785714.2857103     
   3.6200000000000003E-002   5817857142.8571386     
   3.6300000000000006E-002   5833928571.4285679     
   3.6400000000000002E-002   5849999999.9999962     
   3.6499999999999998E-002   5866071428.5714235     
   3.6600000000000001E-002   5882142857.1428528     
   3.6700000000000003E-002   5898214285.7142820     
   3.6800000000000006E-002   5914285714.2857113     
   3.6899999999999995E-002   5930357142.8571377     
   3.6999999999999998E-002   5946428571.4285660     
   3.7100000000000001E-002   5962499999.9999962     
   3.7200000000000004E-002   5978571428.5714245     
   3.7300000000000007E-002   5994642857.1428537     
   3.7399999999999996E-002   6010714285.7142811     
   3.7499999999999999E-002   6026785714.2857094     
   3.7600000000000001E-002   6042857142.8571386     
   3.7700000000000004E-002   6058928571.4285679     
   3.7800000000000007E-002   6074999999.9999962     
   3.7899999999999996E-002   6091071428.5714235     
   3.7999999999999999E-002   6107142857.1428518     
   3.8100000000000002E-002   6123214285.7142811     
   3.8200000000000005E-002   6139285714.2857103     
   3.8300000000000008E-002   6155357142.8571396     
   3.8400000000000004E-002   6171428571.4285669     
   3.8500000000000000E-002   6187499999.9999952     
   3.8600000000000002E-002   6203571428.5714245     
   3.8700000000000005E-002   6219642857.1428537     
   3.8800000000000001E-002   6235714285.7142811     
   3.8900000000000004E-002   6251785714.2857103     
   3.9000000000000000E-002   6267857142.8571377     
   3.9100000000000003E-002   6283928571.4285669     
   3.9200000000000006E-002   6299999999.9999962     
   3.9300000000000002E-002   6316071428.5714245     
   3.9400000000000004E-002   6332142857.1428528     
   3.9500000000000000E-002   6348214285.7142811     
   3.9600000000000003E-002   6364285714.2857094     
   3.9700000000000006E-002   6380357142.8571396     
   3.9800000000000002E-002   6396428571.4285669     
   3.9900000000000005E-002   6412499999.9999962     
   4.0000000000000001E-002   6428571428.5714235     
   4.0100000000000004E-002   6444642857.1428528     
   4.0200000000000000E-002   6460714285.7142811     
   4.0300000000000002E-002   6476785714.2857094     
   4.0400000000000005E-002   6492857142.8571396     
   4.0500000000000001E-002   6508928571.4285660     
   4.0600000000000004E-002   6524999999.9999962     
   4.0700000000000000E-002   6541071428.5714245     
   4.0800000000000003E-002   6557142857.1428528     
   4.0900000000000006E-002   6573214285.7142811     
   4.1000000000000002E-002   6589285714.2857094     
   4.1100000000000005E-002   6605357142.8571377     
   4.1200000000000001E-002   6621428571.4285660     
   4.1300000000000003E-002   6637499999.9999962     
   4.1400000000000006E-002   6653571428.5714245     
   4.1500000000000002E-002   6669642857.1428528     
   4.1599999999999998E-002   6685714285.7142811     
   4.1700000000000001E-002   6701785714.2857094     
   4.1800000000000004E-002   6717857142.8571377     
   4.1900000000000007E-002   6733928571.4285669     
   4.2000000000000003E-002   6749999999.9999962     
   4.2099999999999999E-002   6766071428.5714226     
   4.2200000000000001E-002   6782142857.1428518     
   4.2300000000000004E-002   6798214285.7142811     
   4.2400000000000007E-002   6814285714.2857103     
   4.2500000000000003E-002   6830357142.8571377     
   4.2599999999999999E-002   6846428571.4285660     
   4.2700000000000002E-002   6862499999.9999952     
   4.2800000000000005E-002   6878571428.5714245     
   4.2900000000000008E-002   6894642857.1428528     
   4.2999999999999997E-002   6910714285.7142801     
   4.3099999999999999E-002   6926785714.2857094     
   4.3200000000000002E-002   6942857142.8571377     
   4.3300000000000005E-002   6958928571.4285669     
   4.3400000000000008E-002   6974999999.9999962     
   4.3499999999999997E-002   6991071428.5714226     
   4.3600000000000000E-002   7007142857.1428518     
   4.3700000000000003E-002   7023214285.7142811     
   4.3800000000000006E-002   7039285714.2857094     
   4.3900000000000008E-002   7055357142.8571386     
   4.3999999999999997E-002   7071428571.4285660     
   4.4100000000000000E-002   7087499999.9999943     
   4.4200000000000003E-002   7103571428.5714235     
   4.4300000000000006E-002   7119642857.1428528     
   4.4400000000000009E-002   7135714285.7142820     
   4.4499999999999998E-002   7151785714.2857084     
   4.4600000000000001E-002   7167857142.8571377     
   4.4700000000000004E-002   7183928571.4285669     
   4.4800000000000006E-002   7199999999.9999962     
   4.4900000000000002E-002   7216071428.5714226     
   4.4999999999999998E-002   7232142857.1428518     
   4.5100000000000001E-002   7248214285.7142811     
   4.5200000000000004E-002   7264285714.2857094     
   4.5300000000000007E-002   7280357142.8571377     
   4.5400000000000003E-002   7296428571.4285660     
   4.5499999999999999E-002   7312499999.9999943     
   4.5600000000000002E-002   7328571428.5714226     
   4.5700000000000005E-002   7344642857.1428528     
   4.5800000000000007E-002   7360714285.7142811     
   4.5900000000000003E-002   7376785714.2857094     
   4.5999999999999999E-002   7392857142.8571377     
   4.6100000000000002E-002   7408928571.4285660     
   4.6200000000000005E-002   7424999999.9999943     
   4.6300000000000001E-002   7441071428.5714226     
   4.6400000000000004E-002   7457142857.1428528     
   4.6500000000000000E-002   7473214285.7142792     
   4.6600000000000003E-002   7489285714.2857084     
   4.6700000000000005E-002   7505357142.8571377     
   4.6800000000000001E-002   7521428571.4285660     
   4.6900000000000004E-002   7537499999.9999943     
   4.7000000000000000E-002   7553571428.5714226     
   4.7100000000000003E-002   7569642857.1428528     
   4.7200000000000006E-002   7585714285.7142811     
   4.7300000000000002E-002   7601785714.2857084     
   4.7400000000000005E-002   7617857142.8571377     
   4.7500000000000001E-002   7633928571.4285660     
   4.7600000000000003E-002   7649999999.9999943     
   4.7700000000000006E-002   7666071428.5714235     
   4.7800000000000002E-002   7682142857.1428518     
   4.7900000000000005E-002   7698214285.7142811     
   4.8000000000000001E-002   7714285714.2857084     
   4.8100000000000004E-002   7730357142.8571377     
   4.8200000000000000E-002   7746428571.4285660     
   4.8300000000000003E-002   7762499999.9999943     
   4.8400000000000006E-002   7778571428.5714235     
   4.8500000000000001E-002   7794642857.1428509     
   4.8600000000000004E-002   7810714285.7142811     
   4.8700000000000000E-002   7826785714.2857084     
   4.8800000000000003E-002   7842857142.8571377     
   4.8900000000000006E-002   7858928571.4285660     
   4.9000000000000002E-002   7874999999.9999943     
   4.9100000000000005E-002   7891071428.5714235     
   4.9200000000000001E-002   7907142857.1428509     
   4.9300000000000004E-002   7923214285.7142801     
   4.9400000000000006E-002   7939285714.2857094     
   4.9500000000000002E-002   7955357142.8571377     
   4.9599999999999998E-002   7971428571.4285650     
   4.9700000000000001E-002   7987499999.9999943     
   4.9800000000000004E-002   8003571428.5714235     
   4.9900000000000007E-002   8019642857.1428528     
   5.0000000000000003E-002   8035714285.7142801     
   5.0099999999999999E-002   8051785714.2857075     
   5.0200000000000002E-002   8067857142.8571377     
   5.0300000000000004E-002   8083928571.4285660     
   5.0400000000000007E-002   8099999999.9999943     
   5.0500000000000003E-002   8116071428.5714226     
   5.0599999999999999E-002   8132142857.1428509     
   5.0700000000000002E-002   8148214285.7142792     
   5.0800000000000005E-002   8164285714.2857094     
   5.0900000000000008E-002   8180357142.8571377     
   5.0999999999999997E-002   8196428571.4285641     
   5.1100000000000000E-002   8212499999.9999943     
   5.1200000000000002E-002   8228571428.5714226     
   5.1300000000000005E-002   8244642857.1428509     
   5.1400000000000008E-002   8260714285.7142811     
   5.1499999999999997E-002   8276785714.2857075     
   5.1600000000000000E-002   8292857142.8571358     
   5.1700000000000003E-002   8308928571.4285650     
   5.1800000000000006E-002   8324999999.9999943     
   5.1900000000000009E-002   8341071428.5714245     
   5.1999999999999998E-002   8357142857.1428499     
   5.2100000000000000E-002   8373214285.7142792     
   5.2200000000000003E-002   8389285714.2857094     
   5.2300000000000006E-002   8405357142.8571377     
   5.2400000000000009E-002   8421428571.4285660     
   5.2499999999999998E-002   8437499999.9999943     
   5.2600000000000001E-002   8453571428.5714226     
   5.2700000000000004E-002   8469642857.1428509     
   5.2800000000000007E-002   8485714285.7142801     
   5.2900000000000003E-002   8501785714.2857075     
   5.2999999999999999E-002   8517857142.8571358     
   5.3100000000000001E-002   8533928571.4285650     
   5.3200000000000004E-002   8549999999.9999943     
   5.3300000000000007E-002   8566071428.5714226     
   5.3400000000000003E-002   8582142857.1428509     
   5.3499999999999999E-002   8598214285.7142792     
   5.3600000000000002E-002   8614285714.2857075     
   5.3700000000000005E-002   8630357142.8571358     
   5.3800000000000008E-002   8646428571.4285660     
   5.3900000000000003E-002   8662499999.9999943     
   5.3999999999999999E-002   8678571428.5714226     
   5.4100000000000002E-002   8694642857.1428509     
   5.4200000000000005E-002   8710714285.7142792     
   5.4300000000000001E-002   8726785714.2857075     
   5.4400000000000004E-002   8742857142.8571358     
   5.4500000000000000E-002   8758928571.4285660     
   5.4600000000000003E-002   8774999999.9999943     
   5.4700000000000006E-002   8791071428.5714226     
   5.4800000000000001E-002   8807142857.1428509     
   5.4900000000000004E-002   8823214285.7142792     
   5.5000000000000000E-002   8839285714.2857075     
   5.5100000000000003E-002   8855357142.8571358     
   5.5200000000000006E-002   8871428571.4285660     
   5.5300000000000002E-002   8887499999.9999943     
   5.5400000000000005E-002   8903571428.5714226     
   5.5500000000000001E-002   8919642857.1428509     
   5.5600000000000004E-002   8935714285.7142792     
   5.5700000000000000E-002   8951785714.2857075     
   5.5800000000000002E-002   8967857142.8571358     
   5.5900000000000005E-002   8983928571.4285660     
   5.6000000000000001E-002   8999999999.9999924     
   5.6100000000000004E-002   9016071428.5714226     
   5.6200000000000000E-002   9032142857.1428509     
   5.6300000000000003E-002   9048214285.7142792     
   5.6400000000000006E-002   9064285714.2857075     
   5.6500000000000002E-002   9080357142.8571358     
   5.6600000000000004E-002   9096428571.4285660     
   5.6700000000000000E-002   9112499999.9999924     
   5.6800000000000003E-002   9128571428.5714226     
   5.6900000000000006E-002   9144642857.1428509     
   5.7000000000000002E-002   9160714285.7142792     
   5.7099999999999998E-002   9176785714.2857056     
   5.7200000000000001E-002   9192857142.8571358     
   5.7300000000000004E-002   9208928571.4285660     
   5.7400000000000007E-002   9224999999.9999943     
   5.7500000000000002E-002   9241071428.5714226     
   5.7599999999999998E-002   9257142857.1428509     
   5.7700000000000001E-002   9273214285.7142792     
   5.7800000000000004E-002   9289285714.2857075     
   5.7900000000000007E-002   9305357142.8571358     
   5.8000000000000003E-002   9321428571.4285641     
   5.8099999999999999E-002   9337499999.9999924     
   5.8200000000000002E-002   9353571428.5714226     
   5.8300000000000005E-002   9369642857.1428509     
   5.8400000000000007E-002   9385714285.7142792     
   5.8500000000000003E-002   9401785714.2857075     
   5.8599999999999999E-002   9417857142.8571358     
   5.8700000000000002E-002   9433928571.4285641     
   5.8800000000000005E-002   9449999999.9999924     
   5.8900000000000008E-002   9466071428.5714226     
   5.8999999999999997E-002   9482142857.1428490     
   5.9100000000000000E-002   9498214285.7142792     
   5.9200000000000003E-002   9514285714.2857075     
   5.9300000000000005E-002   9530357142.8571358     
   5.9400000000000008E-002   9546428571.4285660     
   5.9499999999999997E-002   9562499999.9999924     
   5.9600000000000000E-002   9578571428.5714226     
   5.9700000000000003E-002   9594642857.1428509     
   5.9800000000000006E-002   9610714285.7142792     
   5.9900000000000009E-002   9626785714.2857094     
   5.9999999999999998E-002   9642857142.8571358     
   6.0100000000000001E-002   9658928571.4285641     
   6.0200000000000004E-002   9674999999.9999924     
   6.0300000000000006E-002   9691071428.5714226     
   6.0400000000000002E-002   9707142857.1428509     
   6.0499999999999998E-002   9723214285.7142792     
   6.0600000000000001E-002   9739285714.2857075     
   6.0700000000000004E-002   9755357142.8571358     
   6.0800000000000007E-002   9771428571.4285641     
   6.0900000000000003E-002   9787499999.9999924     
   6.0999999999999999E-002   9803571428.5714207     
   6.1100000000000002E-002   9819642857.1428490     
   6.1200000000000004E-002   9835714285.7142792     
   6.1300000000000007E-002   9851785714.2857075     
   6.1400000000000003E-002   9867857142.8571358     
   6.1499999999999999E-002   9883928571.4285622     
   6.1600000000000002E-002   9899999999.9999924     
   6.1700000000000005E-002   9916071428.5714226     
   6.1800000000000008E-002   9932142857.1428509     
   6.1900000000000004E-002   9948214285.7142792     
   6.2000000000000000E-002   9964285714.2857075     
   6.2100000000000002E-002   9980357142.8571358     
   6.2200000000000005E-002   9996428571.4285641     
   6.2300000000000001E-002   10012499999.999992     
   6.2400000000000004E-002   10028571428.571423     
   6.2500000000000000E-002   10044642857.142849     
   6.2600000000000003E-002   10060714285.714279     
   6.2700000000000006E-002   10076785714.285707     
   6.2800000000000009E-002   10092857142.857136     
   6.2900000000000011E-002   10108928571.428566     
   6.3000000000000000E-002   10124999999.999992     
   6.3100000000000003E-002   10141071428.571421     
   6.3200000000000006E-002   10157142857.142851     
   6.3300000000000009E-002   10173214285.714279     
   6.3400000000000012E-002   10189285714.285709     
   6.3500000000000001E-002   10205357142.857136     
   6.3600000000000004E-002   10221428571.428564     
   6.3700000000000007E-002   10237499999.999992     
   6.3800000000000009E-002   10253571428.571423     
   6.3900000000000012E-002   10269642857.142851     
   6.4000000000000001E-002   10285714285.714279     
   6.4100000000000004E-002   10301785714.285707     
   6.4200000000000007E-002   10317857142.857136     
   6.4299999999999996E-002   10333928571.428562     
   6.4399999999999999E-002   10349999999.999992     
   6.4500000000000002E-002   10366071428.571421     
   6.4600000000000005E-002   10382142857.142849     
   6.4700000000000008E-002   10398214285.714279     
   6.4799999999999996E-002   10414285714.285706     
   6.4899999999999999E-002   10430357142.857136     
   6.5000000000000002E-002   10446428571.428564     
   6.5100000000000005E-002   10462499999.999992     
   6.5200000000000008E-002   10478571428.571423     
   6.5299999999999997E-002   10494642857.142849     
   6.5400000000000000E-002   10510714285.714277     
   6.5500000000000003E-002   10526785714.285707     
   6.5600000000000006E-002   10542857142.857136     
   6.5700000000000008E-002   10558928571.428566     
   6.5799999999999997E-002   10574999999.999990     
   6.5900000000000000E-002   10591071428.571421     
   6.6000000000000003E-002   10607142857.142849     
   6.6100000000000006E-002   10623214285.714279     
   6.6200000000000009E-002   10639285714.285707     
   6.6299999999999998E-002   10655357142.857136     
   6.6400000000000001E-002   10671428571.428564     
   6.6500000000000004E-002   10687499999.999992     
   6.6600000000000006E-002   10703571428.571421     
   6.6700000000000009E-002   10719642857.142849     
   6.6799999999999998E-002   10735714285.714277     
   6.6900000000000001E-002   10751785714.285706     
   6.7000000000000004E-002   10767857142.857136     
   6.7100000000000007E-002   10783928571.428564     
   6.7200000000000010E-002   10799999999.999994     
   6.7299999999999999E-002   10816071428.571419     
   6.7400000000000002E-002   10832142857.142849     
   6.7500000000000004E-002   10848214285.714279     
   6.7600000000000007E-002   10864285714.285707     
   6.7699999999999996E-002   10880357142.857134     
   6.7799999999999999E-002   10896428571.428564     
   6.7900000000000002E-002   10912499999.999992     
   6.8000000000000005E-002   10928571428.571421     
   6.8100000000000008E-002   10944642857.142849     
   6.8199999999999997E-002   10960714285.714277     
   6.8300000000000000E-002   10976785714.285706     
   6.8400000000000002E-002   10992857142.857136     
   6.8500000000000005E-002   11008928571.428564     
   6.8600000000000008E-002   11024999999.999992     
   6.8699999999999997E-002   11041071428.571419     
   6.8800000000000000E-002   11057142857.142849     
   6.8900000000000003E-002   11073214285.714277     
   6.9000000000000006E-002   11089285714.285706     
   6.9100000000000009E-002   11105357142.857136     
   6.9199999999999998E-002   11121428571.428562     
   6.9300000000000000E-002   11137499999.999992     
   6.9400000000000003E-002   11153571428.571421     
   6.9500000000000006E-002   11169642857.142849     
   6.9600000000000009E-002   11185714285.714279     
   6.9699999999999998E-002   11201785714.285706     
   6.9800000000000001E-002   11217857142.857136     
   6.9900000000000004E-002   11233928571.428564     
   7.0000000000000007E-002   11249999999.999992     
   7.0100000000000010E-002   11266071428.571423     
   7.0199999999999999E-002   11282142857.142849     
   7.0300000000000001E-002   11298214285.714277     
   7.0400000000000004E-002   11314285714.285706     
   7.0499999999999993E-002   11330357142.857134     
   7.0600000000000010E-002   11346428571.428564     
   7.0699999999999999E-002   11362499999.999992     
   7.0800000000000002E-002   11378571428.571421     
   7.0900000000000005E-002   11394642857.142849     
   7.0999999999999994E-002   11410714285.714275     
   7.1100000000000010E-002   11426785714.285707     
   7.1199999999999999E-002   11442857142.857134     
   7.1300000000000002E-002   11458928571.428562     
   7.1400000000000005E-002   11474999999.999992     
   7.1499999999999994E-002   11491071428.571419     
   7.1600000000000011E-002   11507142857.142851     
   7.1700000000000000E-002   11523214285.714275     
   7.1800000000000003E-002   11539285714.285706     
   7.1900000000000006E-002   11555357142.857136     
   7.1999999999999995E-002   11571428571.428562     
   7.2100000000000011E-002   11587499999.999992     
   7.2200000000000000E-002   11603571428.571421     
   7.2300000000000003E-002   11619642857.142849     
   7.2400000000000006E-002   11635714285.714277     
   7.2499999999999995E-002   11651785714.285706     
   7.2600000000000012E-002   11667857142.857136     
   7.2700000000000001E-002   11683928571.428562     
   7.2800000000000004E-002   11699999999.999992     
   7.2900000000000006E-002   11716071428.571421     
   7.2999999999999995E-002   11732142857.142847     
   7.3100000000000012E-002   11748214285.714279     
   7.3200000000000001E-002   11764285714.285706     
   7.3300000000000004E-002   11780357142.857134     
   7.3400000000000007E-002   11796428571.428564     
   7.3499999999999996E-002   11812499999.999990     
   7.3600000000000013E-002   11828571428.571423     
   7.3700000000000002E-002   11844642857.142849     
   7.3799999999999991E-002   11860714285.714275     
   7.3900000000000007E-002   11876785714.285706     
   7.3999999999999996E-002   11892857142.857132     
   7.4100000000000013E-002   11908928571.428564     
   7.4200000000000002E-002   11924999999.999992     
   7.4299999999999991E-002   11941071428.571419     
   7.4400000000000008E-002   11957142857.142849     
   7.4499999999999997E-002   11973214285.714275     
   7.4600000000000014E-002   11989285714.285707     
   7.4700000000000003E-002   12005357142.857134     
   7.4799999999999991E-002   12021428571.428562     
   7.4900000000000008E-002   12037499999.999992     
   7.4999999999999997E-002   12053571428.571419     
   7.5100000000000014E-002   12069642857.142851     
   7.5200000000000003E-002   12085714285.714277     
   7.5299999999999992E-002   12101785714.285704     
   7.5400000000000009E-002   12117857142.857136     
   7.5499999999999998E-002   12133928571.428562     
   7.5600000000000014E-002   12149999999.999992     
   7.5700000000000003E-002   12166071428.571419     
   7.5799999999999992E-002   12182142857.142847     
   7.5900000000000009E-002   12198214285.714279     
   7.5999999999999998E-002   12214285714.285704     
   7.6100000000000015E-002   12230357142.857136     
   7.6200000000000004E-002   12246428571.428562     
   7.6299999999999993E-002   12262499999.999989     
   7.6400000000000010E-002   12278571428.571421     
   7.6499999999999999E-002   12294642857.142849     
   7.6600000000000015E-002   12310714285.714279     
   7.6700000000000004E-002   12326785714.285706     
   7.6800000000000007E-002   12342857142.857134     
   7.6900000000000010E-002   12358928571.428562     
   7.6999999999999999E-002   12374999999.999990     
   7.7100000000000002E-002   12391071428.571419     
   7.7200000000000005E-002   12407142857.142849     
   7.7300000000000008E-002   12423214285.714277     
   7.7400000000000010E-002   12439285714.285707     
   7.7499999999999999E-002   12455357142.857132     
   7.7600000000000002E-002   12471428571.428562     
   7.7700000000000005E-002   12487499999.999992     
   7.7800000000000008E-002   12503571428.571421     
   7.7900000000000011E-002   12519642857.142849     
   7.8000000000000000E-002   12535714285.714275     
   7.8100000000000003E-002   12551785714.285706     
   7.8200000000000006E-002   12567857142.857134     
   7.8300000000000008E-002   12583928571.428562     
   7.8400000000000011E-002   12599999999.999992     
   7.8500000000000000E-002   12616071428.571419     
   7.8600000000000003E-002   12632142857.142849     
   7.8700000000000006E-002   12648214285.714277     
   7.8800000000000009E-002   12664285714.285706     
   7.8900000000000012E-002   12680357142.857136     
   7.9000000000000001E-002   12696428571.428562     
   7.9100000000000004E-002   12712499999.999990     
   7.9200000000000007E-002   12728571428.571419     
   7.9300000000000009E-002   12744642857.142849     
   7.9400000000000012E-002   12760714285.714279     
   7.9500000000000001E-002   12776785714.285706     
   7.9600000000000004E-002   12792857142.857134     
   7.9700000000000007E-002   12808928571.428562     
   7.9800000000000010E-002   12824999999.999992     
   7.9899999999999999E-002   12841071428.571419     
   8.0000000000000002E-002   12857142857.142847     
   8.0100000000000005E-002   12873214285.714277     
   8.0200000000000007E-002   12889285714.285706     
   8.0300000000000010E-002   12905357142.857134     
   8.0399999999999999E-002   12921428571.428562     
   8.0500000000000002E-002   12937499999.999990     
   8.0600000000000005E-002   12953571428.571419     
   8.0700000000000008E-002   12969642857.142849     
   8.0800000000000011E-002   12985714285.714279     
   8.0900000000000000E-002   13001785714.285704     
   8.1000000000000003E-002   13017857142.857132     
   8.1100000000000005E-002   13033928571.428562     
   8.1200000000000008E-002   13049999999.999992     
   8.1300000000000011E-002   13066071428.571421     
   8.1400000000000000E-002   13082142857.142849     
   8.1500000000000003E-002   13098214285.714275     
   8.1600000000000006E-002   13114285714.285706     
   8.1700000000000009E-002   13130357142.857134     
   8.1800000000000012E-002   13146428571.428562     
   8.1900000000000001E-002   13162499999.999990     
   8.2000000000000003E-002   13178571428.571419     
   8.2100000000000006E-002   13194642857.142849     
   8.2200000000000009E-002   13210714285.714275     
   8.2300000000000012E-002   13226785714.285706     
   8.2400000000000001E-002   13242857142.857132     
   8.2500000000000004E-002   13258928571.428562     
   8.2600000000000007E-002   13274999999.999992     
   8.2700000000000010E-002   13291071428.571421     
   8.2800000000000012E-002   13307142857.142849     
   8.2900000000000001E-002   13323214285.714275     
   8.3000000000000004E-002   13339285714.285706     
   8.3100000000000007E-002   13355357142.857134     
   8.3199999999999996E-002   13371428571.428562     
   8.3300000000000013E-002   13387499999.999992     
   8.3400000000000002E-002   13403571428.571419     
   8.3500000000000005E-002   13419642857.142849     
   8.3600000000000008E-002   13435714285.714275     
   8.3699999999999997E-002   13451785714.285704     
   8.3800000000000013E-002   13467857142.857134     
   8.3900000000000002E-002   13483928571.428562     
   8.4000000000000005E-002   13499999999.999992     
   8.4100000000000008E-002   13516071428.571419     
   8.4199999999999997E-002   13532142857.142845     
   8.4300000000000014E-002   13548214285.714279     
   8.4400000000000003E-002   13564285714.285704     
   8.4500000000000006E-002   13580357142.857134     
   8.4600000000000009E-002   13596428571.428562     
   8.4699999999999998E-002   13612499999.999989     
   8.4800000000000014E-002   13628571428.571421     
   8.4900000000000003E-002   13644642857.142845     
   8.5000000000000006E-002   13660714285.714275     
   8.5100000000000009E-002   13676785714.285706     
   8.5199999999999998E-002   13692857142.857132     
   8.5300000000000015E-002   13708928571.428564     
   8.5400000000000004E-002   13724999999.999990     
   8.5500000000000007E-002   13741071428.571419     
   8.5600000000000009E-002   13757142857.142849     
   8.5699999999999998E-002   13773214285.714275     
   8.5800000000000015E-002   13789285714.285706     
   8.5900000000000004E-002   13805357142.857134     
   8.5999999999999993E-002   13821428571.428560     
   8.6100000000000010E-002   13837499999.999992     
   8.6199999999999999E-002   13853571428.571419     
   8.6300000000000016E-002   13869642857.142849     
   8.6400000000000005E-002   13885714285.714275     
   8.6499999999999994E-002   13901785714.285704     
   8.6600000000000010E-002   13917857142.857134     
   8.6699999999999999E-002   13933928571.428562     
   8.6800000000000016E-002   13949999999.999992     
   8.6900000000000005E-002   13966071428.571419     
   8.6999999999999994E-002   13982142857.142845     
   8.7100000000000011E-002   13998214285.714275     
   8.7200000000000000E-002   14014285714.285704     
   8.7300000000000016E-002   14030357142.857134     
   8.7400000000000005E-002   14046428571.428562     
   8.7499999999999994E-002   14062499999.999989     
   8.7600000000000011E-002   14078571428.571419     
   8.7700000000000000E-002   14094642857.142845     
   8.7800000000000017E-002   14110714285.714277     
   8.7900000000000006E-002   14126785714.285704     
   8.7999999999999995E-002   14142857142.857132     
   8.8100000000000012E-002   14158928571.428562     
   8.8200000000000001E-002   14174999999.999989     
   8.8300000000000017E-002   14191071428.571423     
   8.8400000000000006E-002   14207142857.142847     
   8.8499999999999995E-002   14223214285.714273     
   8.8600000000000012E-002   14239285714.285706     
   8.8700000000000001E-002   14255357142.857132     
   8.8800000000000018E-002   14271428571.428564     
   8.8900000000000007E-002   14287499999.999989     
   8.8999999999999996E-002   14303571428.571417     
   8.9100000000000013E-002   14319642857.142849     
   8.9200000000000002E-002   14335714285.714275     
   8.9300000000000018E-002   14351785714.285706     
   8.9400000000000007E-002   14367857142.857134     
   8.9499999999999996E-002   14383928571.428558     
   8.9600000000000013E-002   14399999999.999992     
   8.9700000000000002E-002   14416071428.571419     
   8.9800000000000005E-002   14432142857.142845     
   8.9900000000000008E-002   14448214285.714275     
   8.9999999999999997E-002   14464285714.285704     
   9.0100000000000013E-002   14480357142.857134     
   9.0200000000000002E-002   14496428571.428562     
   9.0300000000000005E-002   14512499999.999989     
   9.0400000000000008E-002   14528571428.571419     
   9.0499999999999997E-002   14544642857.142845     
   9.0600000000000014E-002   14560714285.714275     
   9.0700000000000003E-002   14576785714.285704     
   9.0800000000000006E-002   14592857142.857132     
   9.0900000000000009E-002   14608928571.428562     
   9.0999999999999998E-002   14624999999.999989     
   9.1100000000000014E-002   14641071428.571419     
   9.1200000000000003E-002   14657142857.142845     
   9.1300000000000006E-002   14673214285.714275     
   9.1400000000000009E-002   14689285714.285706     
   9.1499999999999998E-002   14705357142.857132     
   9.1600000000000015E-002   14721428571.428562     
   9.1700000000000004E-002   14737499999.999989     
   9.1800000000000007E-002   14753571428.571419     
   9.1900000000000009E-002   14769642857.142847     
   9.1999999999999998E-002   14785714285.714275     
   9.2100000000000015E-002   14801785714.285706     
   9.2200000000000004E-002   14817857142.857132     
   9.2300000000000007E-002   14833928571.428562     
   9.2400000000000010E-002   14849999999.999989     
   9.2499999999999999E-002   14866071428.571417     
   9.2600000000000002E-002   14882142857.142845     
   9.2700000000000005E-002   14898214285.714275     
   9.2800000000000007E-002   14914285714.285706     
   9.2900000000000010E-002   14930357142.857134     
   9.2999999999999999E-002   14946428571.428558     
   9.3100000000000002E-002   14962499999.999989     
   9.3200000000000005E-002   14978571428.571417     
   9.3300000000000008E-002   14994642857.142847     
   9.3400000000000011E-002   15010714285.714275     
   9.3500000000000000E-002   15026785714.285702     
   9.3600000000000003E-002   15042857142.857132     
   9.3700000000000006E-002   15058928571.428562     
   9.3800000000000008E-002   15074999999.999989     
   9.3900000000000011E-002   15091071428.571419     
   9.4000000000000000E-002   15107142857.142845     
   9.4100000000000003E-002   15123214285.714275     
   9.4200000000000006E-002   15139285714.285706     
   9.4300000000000009E-002   15155357142.857132     
   9.4400000000000012E-002   15171428571.428562     
   9.4500000000000001E-002   15187499999.999989     
   9.4600000000000004E-002   15203571428.571417     
   9.4700000000000006E-002   15219642857.142847     
   9.4800000000000009E-002   15235714285.714275     
   9.4900000000000012E-002   15251785714.285706     
   9.5000000000000001E-002   15267857142.857132     
   9.5100000000000004E-002   15283928571.428558     
   9.5200000000000007E-002   15299999999.999989     
   9.5300000000000010E-002   15316071428.571419     
   9.5400000000000013E-002   15332142857.142847     
   9.5500000000000002E-002   15348214285.714275     
   9.5600000000000004E-002   15364285714.285704     
   9.5700000000000007E-002   15380357142.857132     
   9.5800000000000010E-002   15396428571.428562     
   9.5899999999999999E-002   15412499999.999987     
   9.6000000000000002E-002   15428571428.571417     
   9.6100000000000005E-002   15444642857.142847     
   9.6200000000000008E-002   15460714285.714275     
   9.6300000000000011E-002   15476785714.285706     
   9.6400000000000000E-002   15492857142.857132     
   9.6500000000000002E-002   15508928571.428558     
   9.6600000000000005E-002   15524999999.999989     
   9.6700000000000008E-002   15541071428.571417     
   9.6800000000000011E-002   15557142857.142847     
   9.6900000000000000E-002   15573214285.714275     
   9.7000000000000003E-002   15589285714.285702     
   9.7100000000000006E-002   15605357142.857132     
   9.7200000000000009E-002   15621428571.428562     
   9.7300000000000011E-002   15637499999.999989     
   9.7400000000000000E-002   15653571428.571417     
   9.7500000000000003E-002   15669642857.142845     
   9.7600000000000006E-002   15685714285.714275     
   9.7700000000000009E-002   15701785714.285706     
   9.7800000000000012E-002   15717857142.857132     
   9.7900000000000001E-002   15733928571.428558     
   9.8000000000000004E-002   15749999999.999989     
   9.8100000000000007E-002   15766071428.571417     
   9.8200000000000010E-002   15782142857.142847     
   9.8300000000000012E-002   15798214285.714275     
   9.8400000000000001E-002   15814285714.285702     
   9.8500000000000004E-002   15830357142.857132     
   9.8600000000000007E-002   15846428571.428560     
   9.8699999999999996E-002   15862499999.999987     
   9.8800000000000013E-002   15878571428.571419     
   9.8900000000000002E-002   15894642857.142845     
   9.9000000000000005E-002   15910714285.714275     
   9.9100000000000008E-002   15926785714.285702     
   9.9199999999999997E-002   15942857142.857130     
   9.9300000000000013E-002   15958928571.428562     
   9.9400000000000002E-002   15974999999.999989     
   9.9500000000000005E-002   15991071428.571417     
   9.9600000000000008E-002   16007142857.142847     
   9.9699999999999997E-002   16023214285.714272     
   9.9800000000000014E-002   16039285714.285706     
   9.9900000000000003E-002   16055357142.857132     
  0.10000000000000001        16071428571.428560     
   160714285714.28558     
