0.0 0
0.0127516778523 1.50139513926078
0.0255033557047 3.00021852729757
0.038255033557 4.49392034204805
0.0510067114094 5.97999446296049
0.0637583892617 7.45599993065744
0.0765100671141 8.91958193992010
0.0892617449664 10.3684922148084
0.102013422819 11.8006086184634
0.114765100671 13.2139538547808
0.127516778523 14.6067131246795
0.140268456376 15.9772506061022
0.153020134228 17.3241246341508
0.165771812081 18.6461014658549
0.178523489933 19.9421675229677
0.191275167785 21.2115400158472
0.204026845638 22.4536758618798
0.21677852349 23.6682788229930
0.229530201342 24.8553047985500
0.242281879195 26.0149652222646
0.255033557047 27.1477285246777
0.267785234899 28.2543196361440
0.280536912752 29.3357175191174
0.293288590604 30.3931507327541
0.306040268456 31.4280910473910
0.318791946309 32.4422451412406
0.331543624161 33.4375444265959
0.344295302013 34.4161330678836
0.357046979866 35.3803542689547
0.369798657718 36.3327349219742
0.38255033557 37.2759687250752
0.395302013423 38.2128978904808
0.408053691275 39.1464935789775
0.420805369128 40.0798352103305
0.43355704698 41.0160888123814
0.446308724832 41.9584845840277
0.459060402685 42.9102938589650
0.471812080537 43.8748056678425
0.484563758389 44.8553031062415
0.497315436242 45.8550397245053
0.510067114094 46.8772161628151
0.522818791946 47.9249572609065
0.535570469799 49.0012898763200
0.548322147651 50.1091216479841
0.561073825503 51.2512209431003
0.573825503356 52.4301982246441
0.586577181208 53.6484890741937
0.59932885906 54.9083391001482
0.612080536913 56.2117909546077
0.624832214765 57.5606736731606
0.637583892617 58.9565945404846
0.65033557047 60.4009336709444
0.663087248322 61.8948414772070
0.675838926174 63.4392391812421
0.688590604027 65.0348225009208
0.701342281879 66.6820686217391
0.714093959732 68.3812465370074
0.726845637584 70.1324308111836
0.739597315436 71.9355187899513
0.752348993289 73.7902512472472
0.765100671141 75.6962364238398
0.777852348993 77.6529773744131
0.790604026846 79.6599025006078
0.803355704698 81.7163991063480
0.81610738255 83.8218497693251
0.828859060403 85.9756712790401
0.841610738255 88.1773558477104
0.854362416107 90.4265142560689
0.86711409396 92.7229205521236
0.879865771812 95.0665578778778
0.892617449664 97.4576649574770
0.905369127517 99.8967827409759
0.918120805369 102.384800661708
0.930872483221 104.923001932994
0.943624161074 107.513107282641
0.956375838926 110.157316502430
0.969127516779 112.858347175831
0.981879194631 115.619469941780
0.994630872483 118.444539656984
1.00738255034 121.338021835478
1.02013422819 124.305013773757
1.03288590604 127.351259814581
1.04563758389 130.483160264606
1.05838926174 133.707773562484
1.0711409396 137.032811397362
1.08389261745 140.466626605399
1.0966442953 144.018193826777
1.10939597315 147.697083090618
1.12214765101 151.513426713540
1.13489932886 155.477880152606
1.14765100671 159.601577748876
1.16040268456 163.896084637646
1.17315436242 168.373346489806
1.18590604027 173.045639190232
1.19865771812 177.925521058436
1.21140939597 183.025790778960
1.22416107383 188.359454839609
1.23691275168 193.939708980553
1.24966442953 199.779938942351
1.26241610738 205.893746673027
1.27516778523 212.295009120069
1.28791946309 218.997977800034
1.30067114094 226.017428514226
1.31342281879 233.368871871685
1.32617449664 241.068836699368
1.3389261745 249.135239972960
1.35167785235 257.587858600030
1.3644295302 266.448920240489
1.37718120805 275.743832368177
1.38993288591 285.502070973457
1.40268456376 295.758252691942
1.41543624161 306.553416731192
1.42818791946 317.936545769313
1.44093959732 329.966358030101
1.45369127517 342.713406014019
1.46644295302 356.262520897797
1.47919463087 370.715645424426
1.49194630872 386.195102206209
1.50469798658 402.847348774794
1.51744966443 420.847275451784
1.53020134228 440.403107201633
1.54295302013 461.761976085170
1.55570469799 485.216236779064
1.56845637584 511.110603885866
1.58120805369 539.850196454738
1.59395973154 571.909582288874
1.6067114094 607.842922257660
1.61946308725 648.295322986381
1.6322147651 694.015514992042
1.64496644295 745.869982599261
1.65771812081 804.858681836113
1.67046979866 872.132493007378
1.68322147651 949.012565805773
1.69597315436 1037.01172668352
1.70872483221 1137.85813080463
1.72147651007 1253.52135426813
1.73422818792 1386.24113647398
1.74697986577 1538.55899753759
1.75973154362 1713.35297158593
1.77248322148 1913.87571363350
1.78523489933 2143.79625558574
1.79798657718 2407.24570579551
1.81073825503 2708.86720655789
1.82348993289 3053.87048501682
1.83624161074 3448.09135523051
1.84899328859 3898.05655265353
1.86174496644 4411.05430709959
1.8744966443 4995.21108641099
1.88724832215 5659.57497063767
1.9 6414.20614558487
